Bloque,1,Deltas,0,0,0,0,0,0,0,0,0,0,0,0,0,0,0,0,0,0,0,0,0,0,0,0,0,0,0,0,0,0,0,0,0,0,0,0,0,0,0,0,0,0,0,0,0,0,0,0,0,0,0,0,0,0,0,0,0,0,0,0,0,0,0,0,0,0,0,0,0,0,0,0,0,0,0,0,0,0,0,0,0,0,0,0,0,0,0,0,0,0,0,0,0,0,0,0,0,0,0,0,0,0,0,0,0,0,0,0,0,0,0,0,0,0,0,0,0,0,0,0,0
Bloque,2,Deltas,0,0,0,0,0,0,0,0,0,0,0,0,0,0,0,0,0,0,0,0,0,0,0,0,0,0,0,0,0,0,0,0,0,0,0,0,0,0,0,0,0,0,0,0,0,0,0,0,0,0,0,0,0,0,0,0,0,0,0,0,0,0,0,0,0,0,0,0,0,0,0,0,0,0,0,0,0,0,0,0,0,0,0,0,0,0,0,0,0,0,0,0,0,0,0,0,0,0,0,0,0,0,0,0,0,0,0,0,0,0,0,0,0,0,0,0,0,0,0,0,0
Bloque,3,Deltas,0,0,0,0,0,0,0,0,0,0,0,0,0,0,0,0,0,0,0,0,0,0,0,0,0,0,0,0,0,0,0,0,0,0,0,0,0,0,0,0,0,0,0,0,0,0,0,0,0,0,0,0,0,0,0,0,0,0,0,0,0,0,0,0,0,0,0,0,0,0,0,0,0,0,0,0,0,0,0,0,0,0,0,0,0,0,0,0,0,0,0,0,0,0,0,0,0,0,0,0,0,0,0,0,0,0,0,0,0,0,0,0,0,0,0,0,0,0,0,0,0
Bloque,4,Deltas,0,0,0,0,0,0,0,0,0,0,0,0,0,0,0,0,0,0,0,0,0,0,0,0,0,0,0,0,0,0,0,0,0,0,0,0,0,0,0,0,0,0,0,0,0,0,0,0,0,0,0,0,0,0,0,0,0,0,0,0,0,0,0,0,0,0,0,0,0,0,0,0,0,0,0,0,0,0,0,0,0,0,0,0,0,0,0,0,0,0,0,0,0,0,0,0,0,0,0,0,0,0,0,0,0,0,0,0,0,0,0,0,0,0,0,0,0,0,0,0,0
Bloque,5,Deltas,0,0,0,0,0,0,0,0,0,0,0,0,0,0,0,0,0,0,0,0,0,0,0,0,0,0,0,0,0,0,0,0,0,0,0,0,0,0,0,0,0,0,0,0,0,0,0,0,0,0,0,0,0,0,0,0,0,0,0,0,0,0,0,0,0,0,0,0,0,0,0,0,0,0,0,0,0,0,0,0,0,0,0,0,0,0,0,0,0,0,0,0,0,0,0,0,0,0,0,0,0,0,0,0,0,0,0,0,0,0,0,0,0,0,0,0,0,0,0,0,0
Bloque,6,Deltas,0,0,0,0,0,0,0,0,0,0,0,0,0,0,0,0,0,0,0,0,0,0,0,0,0,0,0,0,0,0,0,0,0,0,0,0,0,0,0,0,0,0,0,0,0,0,0,0,0,0,0,0,0,0,0,0,0,0,0,0,0,0,0,0,0,0,0,0,0,0,0,0,0,0,0,0,0,0,0,0,0,0,0,0,0,0,0,0,0,0,0,0,0,0,0,0,0,0,0,0,0,0,0,0,0,0,0,0,0,0,0,0,0,0,0,0,0,0,0,0,0
Bloque,7,Deltas,0,0,0,0,0,0,0,0,0,0,0,0,0,0,0,0,0,0,0,0,0,0,0,0,0,0,0,0,0,0,0,0,0,0,0,0,0,0,0,-1,-1,-1,-1,-1,0,0,0,0,0,0,0,0,0,0,0,0,0,0,0,0,0,-1,-1,-1,-1,-1,0,0,0,0,0,0,-1,-1,-1,0,0,0,0,0,0,0,0,-1,-1,-1,0,0,0,0,0,0,0,0,0,0,0,0,0,0,0,0,0,0,0,0,0,0,0,0,0,0,0,0,0,0,0,0,0,0,0
Bloque,8,Deltas,0,0,0,0,0,0,0,0,0,0,0,0,0,0,0,0,0,0,0,0,0,0,0,0,0,0,0,0,0,0,0,0,0,-1,-1,-1,0,0,0,0,0,0,0,0,0,0,0,0,0,0,0,0,0,0,0,-1,-1,-1,0,0,0,0,0,0,0,0,0,0,0,0,0,0,0,0,0,0,0,0,0,0,0,0,0,0,0,0,0,0,0,0,0,0,0,0,0,0,0,0,0,0,0,0,0,0,0,0,0,0,0,0,0,0,0,0,0,0,0,0,0,0,0
Bloque,9,Deltas,0,0,0,0,0,0,0,0,0,0,0,0,0,0,0,0,0,0,0,0,0,0,0,0,0,0,0,0,0,0,0,0,0,0,0,0,0,0,0,0,0,0,0,0,0,0,0,0,0,0,0,0,0,0,0,0,0,0,0,0,0,0,0,0,0,0,0,0,0,0,0,0,0,0,0,0,0,0,0,0,0,0,0,0,0,0,0,0,0,0,0,0,0,0,0,0,0,0,0,0,0,0,0,0,0,0,0,0,0,0,0,0,0,0,0,0,0,0,0,0,0
Bloque,10,Deltas,0,0,0,0,0,0,0,0,0,0,0,0,0,0,0,0,0,0,0,0,0,0,0,0,0,0,0,0,0,0,0,0,0,0,0,0,0,0,0,0,0,0,0,0,0,0,0,0,0,0,0,0,0,0,0,0,0,0,0,0,0,0,0,0,0,0,0,0,0,0,0,0,0,0,0,0,0,0,0,0,0,0,0,0,0,0,0,0,0,0,0,0,0,0,0,0,0,0,0,0,0,0,0,0,0,0,0,0,0,0,0,0,0,0,0,0,0,0,0,0,0
Bloque,11,Deltas,0,0,0,0,0,0,0,0,0,0,0,0,0,0,0,0,0,0,0,0,0,0,0,0,0,0,0,0,0,0,0,0,0,0,0,0,0,0,0,0,0,0,0,0,0,0,0,0,0,0,0,0,0,0,0,0,0,0,0,0,0,0,0,0,0,0,0,0,0,0,0,0,0,0,0,0,0,0,0,0,0,0,0,0,0,0,0,0,0,-1,0,-1,0,0,1,0,0,0,0,0,0,0,0,-2,-1,0,0,0,0,0,0,0,3,0,-2,-1,0,0,0,0,0
Bloque,12,Deltas,0,0,0,0,0,0,-1,-2,-4,4,1,0,0,0,0,0,0,0,1,-2,0,0,0,0,0,0,0,0,0,1,-1,-4,3,0,0,0,0,0,0,0,-1,-2,0,6,0,0,0,0,0,0,0,-2,-1,-2,4,0,0,0,0,0,0,0,-2,0,-1,2,0,0,0,0,0,0,0,0,0,1,-2,0,0,0,0,0,0,0,1,0,2,-5,0,0,0,0,0,0,0,0,-1,6,-1,0,0,0,0,0,0,0,0,-2,-1,-1,0,0,0,0,0,0,0,0,1,-2,-1
Bloque,13,Deltas,0,2,-1,-6,0,-2,2,-1,-1,-1,6,-1,2,0,-7,1,-1,0,-1,2,0,4,-3,5,2,-8,5,-4,4,-5,0,-4,4,-4,0,3,-8,9,-9,4,-8,0,-3,0,-4,3,0,-10,6,-7,3,1,2,1,3,-2,6,4,-7,0,4,-3,1,-2,2,5,-4,5,4,-5,5,-1,3,-2,2,2,-1,-8,0,2,-7,10,-7,0,-4,0,8,-2,-5,3,6,-13,2,-5,-2,0,-2,4,3,-1,6,6,-11,-1,2,-3,2,1,-2,4,0,3,6,-10,5,-4,3,3,-1,-3,3
Bloque,14,Deltas,5,0,0,0,0,0,0,0,0,0,0,2,0,0,0,0,0,0,0,0,0,0,8,0,0,0,0,0,0,0,0,0,0,6,0,0,0,0,0,0,0,0,0,0,3,0,0,0,0,0,0,0,0,0,0,3,0,0,0,0,0,0,0,0,0,0,4,0,0,0,0,0,0,0,0,0,0,0,0,0,0,0,0,0,0,0,0,0,5,0,0,0,0,0,0,0,0,0,0,5,0,0,0,0,0,0,0,0,0,0,4,0,0,0,0,0,0,0,0,0,0
Bloque,15,Deltas,0,0,0,0,0,0,0,0,0,0,0,0,0,0,0,0,0,0,0,0,0,0,0,0,0,0,0,0,0,0,0,0,0,0,0,0,0,0,0,0,0,0,0,0,0,0,0,0,0,0,0,0,0,0,0,0,0,0,0,0,0,0,0,0,0,0,0,0,0,0,0,0,0,0,0,0,0,0,0,0,0,0,0,0,0,0,0,0,0,0,0,0,0,0,0,0,0,0,0,0,0,0,0,0,0,0,0,0,0,0,0,0,0,0,0,0,0,0,0,0,0
Bloque,16,Deltas,0,0,0,0,0,0,0,0,0,0,0,0,0,0,0,0,0,0,0,0,0,0,0,0,0,0,0,0,0,0,0,0,0,0,0,0,0,0,0,0,0,0,0,0,0,0,0,0,0,0,0,0,0,0,0,0,0,0,0,0,0,0,0,0,0,0,0,0,0,0,0,0,0,0,0,0,0,0,0,0,0,0,0,0,0,0,0,0,0,0,0,0,0,0,0,0,0,0,0,0,0,0,0,0,0,0,0,0,0,0,0,0,0,0,0,0,0,0,0,0,0
Bloque,17,Deltas,0,0,0,0,0,0,0,0,0,0,0,0,0,0,0,0,0,0,0,0,0,0,0,0,0,0,0,0,0,0,0,0,0,0,0,0,0,0,0,0,0,0,0,0,0,0,0,0,0,0,0,0,0,0,0,0,0,0,0,0,0,0,0,0,0,0,0,0,0,0,0,0,0,0,0,0,0,0,0,0,0,0,0,0,0,0,0,0,0,0,0,0,0,0,0,0,0,0,0,0,0,0,0,0,0,0,0,0,0,0,0,0,0,0,0,0,0,0,0,0,0
Bloque,18,Deltas,0,0,0,0,0,0,0,0,0,0,0,0,0,0,0,0,0,0,0,0,0,0,0,0,0,0,0,0,0,0,0,0,0,0,0,0,0,0,0,0,0,0,0,0,0,0,0,0,0,0,0,0,0,0,0,0,0,0,0,0,0,0,0,0,0,0,0,0,0,0,0,0,0,0,0,0,0,0,0,0,0,0,0,0,0,0,0,0,0,0,0,0,0,0,0,0,0,0,0,0,0,0,0,0,0,0,0,0,0,0,0,0,0,0,0,0,0,0,0,0,0
Bloque,19,Deltas,0,0,0,0,0,0,0,0,0,0,0,0,0,0,0,0,0,0,0,0,0,0,0,0,0,0,0,0,0,0,0,0,0,0,0,0,0,0,0,0,0,0,0,0,0,0,0,0,0,0,0,0,0,0,0,0,0,0,0,0,0,0,0,0,0,0,0,0,0,0,0,0,0,0,0,0,0,0,0,0,0,0,0,0,0,0,0,0,0,0,0,0,0,0,0,0,0,0,0,0,0,0,0,0,0,0,0,0,0,0,0,0,0,0,0,0,0,0,0,0,0
Bloque,20,Deltas,0,0,0,0,0,0,0,0,0,0,0,0,0,0,0,0,0,0,0,0,0,0,0,0,0,0,0,0,0,0,0,0,0,0,0,0,0,0,0,0,0,0,0,0,0,0,0,0,0,0,0,0,0,0,0,0,0,0,0,0,0,0,0,0,0,0,0,0,0,0,0,0,0,0,0,0,0,0,0,0,0,0,0,0,0,0,0,0,0,0,0,0,0,0,0,0,0,0,0,0,0,0,0,0,0,0,0,0,0,0,0,0,0,0,0,0,0,0,0,0,0
Bloque,21,Deltas,0,0,0,0,0,0,0,0,0,0,0,0,0,0,0,0,0,0,0,0,0,0,0,0,0,0,0,0,0,0,0,0,0,0,0,0,0,0,0,0,0,0,0,0,0,0,0,0,0,0,0,0,0,0,0,0,0,0,0,0,0,0,0,0,0,0,0,0,0,0,0,0,0,0,0,0,0,0,0,0,0,0,0,0,0,0,0,0,0,0,0,0,0,0,0,0,0,0,0,0,0,0,0,0,0,0,0,0,0,0,0,0,0,0,0,0,0,0,0,0,0
Bloque,22,Deltas,0,0,0,0,0,0,0,0,0,0,0,0,0,0,0,0,0,0,0,0,0,0,0,0,0,0,0,0,0,0,0,0,0,0,0,0,0,0,0,0,0,0,0,0,0,0,0,0,0,0,0,0,0,0,0,0,0,0,0,0,0,0,0,0,0,0,0,0,0,0,0,0,0,0,0,0,0,0,0,0,0,0,0,0,0,0,0,0,0,0,0,0,0,0,0,0,0,0,0,0,0,0,0,0,0,0,0,0,0,0,0,0,0,0,0,0,0,0,0,0,0
Bloque,23,Deltas,0,0,0,0,0,0,0,0,0,0,0,0,0,0,0,0,0,0,0,0,0,0,0,0,0,0,0,0,0,0,0,0,0,0,0,0,0,0,0,0,0,0,0,0,0,0,0,0,0,0,0,0,0,0,0,0,0,0,0,0,0,0,0,0,0,0,0,0,0,0,0,0,0,0,0,0,0,0,0,0,0,0,0,0,0,0,0,0,0,0,0,0,0,0,0,0,0,0,0,0,0,0,0,0,0,0,0,0,0,0,0,0,0,0,0,0,0,0,0,0,0
Bloque,24,Deltas,0,0,0,0,0,0,0,0,0,0,0,0,0,0,0,0,0,0,0,0,0,0,0,0,0,0,0,0,0,0,0,0,0,0,0,0,0,0,0,0,0,0,0,0,0,0,0,0,0,0,0,0,0,0,0,0,0,0,0,0,0,0,0,0,0,0,0,0,0,0,0,0,0,0,0,0,0,0,0,0,0,0,0,0,0,0,0,0,0,0,0,0,0,0,0,0,0,0,0,0,0,0,0,0,0,0,0,0,0,0,0,0,0,0,0,0,0,0,0,0,0
Bloque,25,Deltas,0,0,0,0,0,0,0,0,0,0,0,0,0,0,0,0,0,0,0,0,0,0,0,0,0,0,0,0,0,0,0,0,0,0,0,0,0,0,0,0,0,0,0,0,0,0,0,0,0,0,0,0,0,0,0,0,0,0,0,0,0,0,0,0,0,0,0,0,0,0,0,0,0,0,0,0,0,0,0,0,0,0,0,0,0,0,0,0,0,0,0,0,0,0,0,0,0,0,0,0,0,0,0,0,0,0,0,0,0,0,0,0,0,0,0,0,0,0,0,0,0
Bloque,26,Deltas,0,0,0,0,0,0,0,0,0,0,0,0,0,0,0,0,0,0,0,0,0,0,0,0,0,0,0,0,0,0,0,0,0,0,0,0,0,0,0,0,0,0,0,0,0,0,0,0,0,0,0,0,0,0,0,0,0,0,0,0,0,0,0,0,0,0,0,0,0,0,0,0,0,0,0,0,0,0,0,0,0,0,0,0,0,0,0,0,0,0,0,0,0,0,0,0,0,0,0,0,0,0,0,0,0,0,0,0,0,0,0,0,0,0,0,0,0,0,0,0,0
Bloque,27,Deltas,0,0,0,0,0,0,0,0,0,0,0,0,0,0,0,0,0,0,0,0,0,0,0,0,0,0,0,0,0,0,0,0,0,0,0,0,0,0,0,0,0,0,0,0,0,0,0,0,0,0,0,0,0,0,0,0,0,0,0,0,0,0,0,0,0,0,0,0,0,0,0,0,0,0,0,0,0,0,0,0,0,0,0,0,0,0,0,0,0,0,0,0,0,0,0,0,0,0,0,0,0,0,0,0,0,0,0,0,0,0,0,0,0,0,0,0,0,0,0,0,0
Bloque,28,Deltas,0,0,0,0,0,0,0,0,0,0,0,0,0,0,0,0,0,0,0,0,0,0,0,0,0,0,0,0,0,0,0,0,0,0,0,0,0,0,0,0,0,0,0,0,0,0,0,0,0,0,0,0,0,0,0,0,0,0,0,0,0,0,0,0,0,0,0,0,0,0,0,0,0,0,0,0,0,0,0,0,0,0,0,0,0,0,0,0,0,0,0,0,0,0,0,0,0,0,0,0,0,0,0,0,0,0,0,0,0,0,0,0,0,0,0,0,0,0,0,0,0
Bloque,29,Deltas,0,0,0,0,0,0,0,0,0,0,0,0,0,0,0,0,0,0,0,0,0,0,0,0,0,0,0,0,0,0,0,0,0,0,0,0,0,0,0,0,0,0,0,0,0,0,0,0,0,0,0,0,0,0,0,0,0,0,0,0,0,0,0,0,0,0,0,0,0,0,0,0,0,0,0,0,0,0,0,0,0,0,0,0,0,0,0,0,0,0,0,0,0,0,0,0,0,0,0,0,0,0,0,0,0,0,0,0,0,0,0,0,0,0,0,0,0,0,0,0,0
Bloque,30,Deltas,0,0,0,0,0,0,0,0,0,0,0,0,0,0,0,0,0,0,0,0,0,0,0,0,0,0,0,0,0,0,0,0,0,0,0,0,0,0,0,0,0,0,0,0,0,0,0,0,0,0,0,0,0,0,0,0,0,0,0,0,0,0,0,0,0,0,0,0,0,0,0,0,0,0,0,0,0,0,0,0,0,0,0,0,0,0,0,0,0,0,0,0,0,0,0,0,0,0,0,0,0,0,0,0,0,0,0,0,0,0,0,0,0,0,0,0,0,0,0,0,0
Bloque,31,Deltas,0,0,0,0,0,0,0,0,0,0,0,0,0,0,0,0,0,0,0,0,0,0,0,0,0,0,0,0,0,0,0,0,0,0,0,0,0,0,0,0,0,0,0,0,0,0,0,0,0,0,0,0,0,0,0,0,0,0,0,0,0,0,0,0,0,0,0,0,0,0,0,0,0,0,0,0,0,0,0,0,0,0,0,0,0,0,0,0,0,0,0,0,0,0,0,0,0,0,0,0,0,0,0,0,0,0,0,0,0,0,0,0,0,0,0,0,0,0,0,0,0
Bloque,32,Deltas,0,0,0,0,0,0,0,0,0,0,0,0,0,0,0,0,0,0,0,0,0,0,0,0,0,0,0,0,0,0,0,0,0,0,0,0,0,0,0,0,0,0,0,0,0,0,0,0,0,0,0,0,0,0,0,0,0,0,0,0,0,0,0,0,0,0,0,0,0,0,0,0,0,0,0,0,0,0,0,0,0,0,0,0,0,0,0,0,0,0,0,0,0,0,0,0,0,0,0,0,0,0,0,0,0,0,0,0,0,0,0,0,0,0,0,0,0,0,0,0,0
Bloque,33,Deltas,0,0,0,0,0,0,0,0,0,0,0,0,0,0,0,0,0,0,0,0,0,0,0,0,0,0,0,0,0,0,0,0,0,0,0,0,0,0,0,0,0,0,0,0,0,0,0,0,0,0,0,0,-1,-1,-1,0,0,0,0,0,0,0,0,0,0,0,0,0,0,0,0,0,0,0,0,0,0,0,0,0,0,0,0,0,0,0,0,0,0,0,0,0,0,0,0,0,0,0,0,0,0,0,0,0,0,0,0,0,0,0,0,0,0,0,0,0,0,0,0,0,0
Bloque,34,Deltas,0,0,0,0,0,0,0,0,0,0,0,0,0,0,0,0,0,0,0,0,0,0,0,0,0,0,0,0,0,0,0,0,0,0,0,0,0,0,0,0,0,0,0,0,-1,0,0,0,0,0,0,0,0,0,0,0,0,0,0,0,0,0,0,0,0,0,0,0,0,0,0,0,0,0,0,0,0,0,0,0,0,0,0,0,0,0,0,0,0,0,0,0,0,0,0,0,0,0,0,0,0,0,0,0,0,0,0,0,0,0,0,0,0,0,0,0,0,0,0,0,0
Bloque,35,Deltas,0,0,0,0,0,0,0,0,0,0,0,0,0,0,0,0,0,0,0,0,0,0,0,0,0,0,0,0,0,0,0,0,0,0,0,0,0,0,0,0,0,0,0,0,0,0,0,0,0,0,0,0,0,0,0,0,0,0,0,0,0,0,0,0,0,-1,0,0,0,0,0,0,0,0,0,0,-1,0,0,0,0,0,0,0,0,0,0,-1,0,0,0,0,0,0,0,0,0,0,-1,0,0,0,0,0,0,0,0,0,0,-1,0,0,0,0,0,0,0,0,0,0,-1
Bloque,36,Deltas,0,0,0,0,0,0,0,0,0,0,0,0,0,0,0,0,0,0,0,0,0,0,0,0,0,0,0,0,0,0,0,0,0,0,0,0,0,0,0,0,0,0,0,0,0,0,0,0,0,0,0,0,0,0,0,-1,-1,-1,-1,-1,-1,-1,-1,-1,-1,-1,-1,-1,-1,-1,-1,-1,-1,-1,-1,-1,-1,-1,-1,-1,-1,-1,-1,-1,-1,-1,-1,-1,-1,-1,-1,-1,-1,-1,-1,-1,-1,-1,-1,-1,-1,-1,-1,-1,-1,-1,-1,-1,-1,-1,-1,-1,-1,-1,-1,-1,-1,-1,-1,-1,-1
Bloque,37,Deltas,0,0,0,0,0,0,0,0,0,0,0,0,0,0,0,0,0,0,0,0,0,0,0,0,0,0,0,0,0,0,0,0,0,0,0,0,0,0,0,0,0,0,0,0,0,0,0,0,0,0,0,0,0,0,0,-1,-1,-1,-1,0,0,0,0,0,0,0,-1,-1,-1,-1,0,0,0,0,0,0,0,-1,-1,-1,-1,0,0,0,0,0,0,0,-1,-1,-1,-1,0,0,0,0,0,0,0,-1,-1,-1,-1,0,0,0,0,0,0,0,-1,-1,-1,-1,0,0,0,0,0,0,0
Bloque,38,Deltas,0,0,0,0,0,0,0,0,0,0,0,0,0,0,0,0,0,0,0,0,0,0,0,0,0,0,0,0,0,0,0,0,0,0,0,0,0,0,0,0,0,0,0,0,0,0,0,0,0,0,0,0,0,0,0,0,0,0,0,0,0,0,0,0,0,0,0,0,0,0,0,0,0,0,0,0,0,0,0,0,0,0,0,0,0,0,0,0,0,0,0,0,0,0,0,0,0,0,0,0,0,0,0,0,0,0,0,0,0,0,0,0,0,0,0,0,0,0,0,0,0
Bloque,39,Deltas,0,0,0,0,0,0,0,0,0,0,0,0,0,0,0,0,0,0,0,0,0,0,0,0,0,0,0,0,0,0,0,0,0,0,0,0,0,0,0,0,0,0,0,0,0,0,0,0,0,0,0,0,0,0,0,0,0,0,0,0,0,0,0,0,0,0,0,0,0,0,0,0,0,0,0,0,0,0,0,0,0,0,0,0,0,0,0,0,0,0,0,0,0,0,0,0,0,0,0,0,0,0,0,0,0,0,0,0,0,0,0,0,0,0,0,0,0,0,0,0,0
Bloque,40,Deltas,0,0,0,0,0,0,0,0,0,0,0,0,0,0,0,0,0,0,0,0,0,0,0,0,0,0,0,0,0,0,0,0,0,0,0,0,0,0,0,0,0,0,0,0,0,0,0,0,0,0,0,0,0,0,0,0,0,0,0,0,0,0,0,0,0,0,0,0,0,0,0,0,0,0,0,0,0,0,0,0,0,0,0,0,0,0,0,0,0,0,0,0,0,0,0,0,0,0,0,0,0,0,0,0,0,0,0,0,0,0,0,0,0,0,0,0,0,0,0,0,0
Bloque,41,Deltas,0,0,0,0,0,0,0,0,0,0,0,0,0,0,0,0,0,0,0,0,0,0,0,0,0,0,0,0,0,0,0,0,0,0,0,0,0,0,0,0,0,0,0,0,0,0,0,0,0,0,0,0,0,0,0,0,0,0,0,0,0,0,0,0,0,0,0,0,0,0,0,0,0,0,0,0,0,0,0,0,0,0,0,0,0,-1,-1,-1,0,0,0,0,0,0,0,0,-1,-1,-1,0,0,0,0,0,0,0,0,-1,-1,-1,0,0,0,0,0,0,0,0,-1,-1,-1
Bloque,42,Deltas,0,0,0,0,0,0,0,0,0,0,0,0,0,0,0,0,0,0,0,0,0,0,0,0,0,0,0,0,0,0,0,0,0,0,0,0,0,0,0,0,0,0,0,0,0,0,0,0,0,0,0,0,0,0,0,0,0,0,0,0,-1,-1,-1,-1,-1,-1,0,0,0,0,0,-1,-1,-1,-1,-1,-1,-1,-1,-1,-1,-1,-1,-1,-1,-1,-1,-1,-1,-1,-1,-1,-1,-1,-1,-1,-1,-1,-1,-1,-1,-1,-1,-1,-1,-1,-1,-1,-1,-1,-1,-1,-1,-1,-1,-1,-1,-1,-1,-1,-1
Bloque,43,Deltas,-1,3,7,-4,-7,2,0,0,0,0,0,0,2,3,-1,-3,-1,0,-1,0,0,-1,0,1,5,-2,-5,1,0,0,0,0,-1,-1,1,4,-2,-5,0,0,0,0,0,0,0,2,3,-1,-4,-1,1,0,0,0,0,0,0,4,0,-4,-1,0,0,0,0,0,0,1,4,-1,-3,-1,0,0,0,0,0,-1,-1,3,-2,-2,-2,0,0,0,0,0,-1,-1,3,-2,-2,0,0,0,0,0,0,-1,-1,4,-2,-4,0,0,0,0,0,0,-1,-1,5,-2,-3,0,0,0,0,0,0
Bloque,44,Deltas,0,0,0,0,0,0,0,0,-2,-7,0,-1,0,0,0,0,0,0,0,-1,-4,2,-1,0,0,0,0,0,0,0,-1,-1,-1,0,0,0,0,0,0,0,-1,1,-2,-1,0,0,0,0,0,0,0,0,0,-8,0,0,0,0,0,0,0,0,-1,0,-2,0,0,0,0,0,0,0,0,0,-3,-1,0,0,0,0,0,0,0,0,1,1,-1,3,0,0,0,0,0,0,0,1,0,-4,0,0,0,0,0,0,0,0,0,-2,-2,0,0,0,0,0,0,0,0,0,-2,0,1
Bloque,45,Deltas,5,1,3,-14,10,-7,0,6,-6,1,1,3,3,4,-13,1,-2,-3,1,-2,-2,1,-1,5,7,-8,1,-1,0,0,-2,0,3,1,-2,8,-8,5,-2,2,3,-4,-4,0,3,0,12,-13,1,-6,0,6,-2,-5,0,-2,2,10,-8,1,-7,1,7,3,4,-1,0,4,5,-6,0,-7,-1,-3,-1,-2,-1,3,-3,8,-6,-1,-6,4,0,-1,2,-7,3,0,12,-4,1,-4,0,5,0,6,0,-2,-2,11,-7,-1,-5,-1,3,-1,1,-2,-2,0,9,-8,-3,0,-3,-4,1,-2,1
Bloque,46,Deltas,2,0,0,0,0,0,0,0,0,0,0,3,0,0,0,0,0,0,0,0,0,0,6,0,0,0,0,0,0,0,0,0,0,7,0,0,0,0,0,0,0,0,0,0,11,0,0,0,0,0,0,0,0,0,0,8,0,0,0,0,0,0,0,0,0,0,4,0,0,0,0,0,0,0,0,0,0,10,0,0,0,0,0,0,0,0,0,0,12,0,0,0,0,0,0,0,0,0,0,9,0,0,0,0,0,0,0,0,0,0,8,0,0,0,0,0,0,0,0,0,0
Bloque,47,Deltas,0,0,0,0,0,0,0,0,0,0,0,0,0,0,0,0,0,0,0,0,0,0,0,0,0,0,0,0,0,0,0,0,0,0,0,0,0,0,0,0,0,0,0,0,0,0,0,0,0,0,0,0,0,0,0,0,0,0,0,0,0,0,0,0,0,0,0,0,0,0,0,0,0,0,0,0,0,0,0,0,0,0,0,0,0,0,0,0,0,0,0,0,0,0,0,0,0,0,0,0,0,0,0,0,0,0,0,0,0,0,0,0,0,0,0,0,0,0,0,0,0
Bloque,48,Deltas,0,0,0,0,0,0,0,0,0,0,0,0,0,0,0,0,0,0,0,0,0,0,0,0,0,0,0,0,0,0,0,0,0,0,0,0,0,0,0,0,0,0,0,0,0,0,0,0,0,0,0,0,0,0,0,0,0,0,0,0,0,0,0,0,0,0,0,0,0,0,0,0,0,0,0,0,0,0,0,0,0,0,0,0,0,0,0,0,0,0,0,0,0,0,0,0,0,0,0,0,0,0,0,0,0,0,0,0,0,0,0,0,0,0,0,0,0,0,0,0,0
Bloque,49,Deltas,0,0,0,0,0,0,0,0,0,0,0,0,0,0,0,0,0,0,0,0,0,0,0,0,0,0,0,0,0,0,0,0,0,0,0,0,0,0,0,0,0,0,0,0,0,0,0,0,0,0,0,0,0,0,0,0,0,0,0,0,0,0,0,0,0,0,0,0,0,0,0,0,0,0,0,0,0,0,0,0,0,0,0,0,0,0,0,0,0,0,0,0,0,0,0,0,0,0,0,0,0,0,0,0,0,0,0,0,0,0,0,0,0,0,0,0,0,0,0,0,0
Bloque,50,Deltas,0,0,0,0,0,0,0,0,0,0,0,0,0,0,0,0,0,0,0,0,0,0,0,0,0,0,0,0,0,0,0,0,0,0,0,0,0,0,0,0,0,0,0,0,0,0,0,0,0,0,0,0,0,0,0,0,0,0,0,0,0,0,0,0,0,0,0,0,0,0,0,0,0,0,0,0,0,0,0,0,0,0,0,0,0,0,0,0,0,0,0,0,0,0,0,0,0,0,0,0,0,0,0,0,0,0,0,0,0,0,0,0,0,0,0,0,0,0,0,0,0
Bloque,51,Deltas,0,0,0,0,0,0,0,0,0,0,0,0,0,0,0,0,0,0,0,0,0,0,0,0,0,0,0,0,0,0,0,0,0,0,0,0,0,0,0,0,0,0,0,0,0,0,0,0,0,0,0,0,0,0,0,0,0,0,0,0,0,0,0,0,0,0,0,0,0,0,0,0,0,0,0,0,0,0,0,0,0,0,0,0,0,0,0,0,0,0,0,0,0,0,0,0,0,0,0,0,0,0,0,0,0,0,0,0,0,0,0,0,0,0,0,0,0,0,0,0,0
Bloque,52,Deltas,0,0,0,0,0,0,0,0,0,0,0,0,0,0,0,0,0,0,0,0,0,0,0,0,0,0,0,0,0,0,0,0,0,0,0,0,0,0,0,0,0,0,0,0,0,0,0,0,0,0,0,0,0,0,0,0,0,0,0,0,0,0,0,0,0,0,0,0,0,0,0,0,0,0,0,0,0,0,0,0,0,0,0,0,0,0,0,0,0,0,0,0,0,0,0,0,0,0,0,0,0,0,0,0,0,0,0,0,0,0,0,0,0,0,0,0,0,0,0,0,0
Bloque,53,Deltas,0,0,0,0,0,0,0,0,0,0,0,0,0,0,0,0,0,0,0,0,0,0,0,0,0,0,0,0,0,0,0,0,0,0,0,0,0,0,0,0,0,0,0,0,0,0,0,0,0,0,0,0,0,0,0,0,0,0,0,0,0,0,0,0,0,0,0,0,0,0,0,0,0,0,0,0,0,0,0,0,0,0,0,0,0,0,0,0,0,0,0,0,0,0,0,0,0,0,0,0,0,0,0,0,0,0,0,0,0,0,0,0,0,0,0,0,0,0,0,0,0
Bloque,54,Deltas,0,0,0,0,0,0,0,0,0,0,0,0,0,0,0,0,0,0,0,0,0,0,0,0,0,0,0,0,0,0,0,0,0,0,0,0,0,0,0,0,0,0,0,0,0,0,0,0,0,0,0,0,0,0,0,0,0,0,0,0,0,0,0,0,0,0,0,0,0,0,0,0,0,0,0,0,0,0,0,0,0,0,0,0,0,0,0,0,0,0,0,0,0,0,0,0,0,0,0,0,0,0,0,0,0,0,0,0,0,0,0,0,0,0,0,0,0,0,0,0,0
Bloque,55,Deltas,0,0,0,0,0,0,0,0,0,0,0,0,0,0,0,0,0,0,0,0,0,0,0,0,0,0,0,0,0,0,0,0,0,0,0,0,0,0,0,0,0,0,0,0,0,0,0,0,0,0,0,0,0,0,0,0,0,0,0,0,0,0,0,0,0,0,0,0,0,0,0,0,0,0,0,0,0,0,0,0,0,0,0,0,0,0,0,0,0,0,0,0,0,0,0,0,0,0,0,0,0,0,0,0,0,0,0,0,0,0,0,0,0,0,0,0,0,0,0,0,0
Bloque,56,Deltas,0,0,0,0,0,0,0,0,0,0,0,0,0,0,0,0,0,0,0,0,0,0,0,0,0,0,0,0,0,0,0,0,0,0,0,0,0,0,0,0,0,0,0,0,0,0,0,0,0,0,0,0,0,0,0,0,0,0,0,0,0,0,0,0,0,0,0,0,0,0,0,0,0,0,0,0,0,0,0,0,0,0,0,0,0,0,0,0,0,0,0,0,0,0,0,0,0,0,0,0,0,0,0,0,0,0,0,0,0,0,0,0,0,0,0,0,0,0,0,0,0
Bloque,57,Deltas,0,0,0,0,0,0,0,0,0,0,0,0,0,0,0,0,0,0,0,0,0,0,0,0,0,0,0,0,0,0,0,0,0,0,0,0,0,0,0,0,0,0,0,0,0,0,0,0,0,0,0,0,0,0,0,0,0,0,0,0,0,0,0,0,0,0,0,0,0,0,0,0,0,0,0,0,0,0,0,0,0,0,0,0,0,0,0,0,0,0,0,0,0,0,0,0,0,0,0,0,0,0,0,0,0,0,0,0,0,0,0,0,0,0,0,0,0,0,0,0,0
Bloque,58,Deltas,0,0,0,0,0,0,0,0,0,0,0,0,0,0,0,0,0,0,0,0,0,0,0,0,0,0,0,0,0,0,0,0,0,0,0,0,0,0,0,0,0,0,0,0,0,0,0,0,0,0,0,0,0,0,0,0,0,0,0,0,0,0,0,0,0,0,0,0,0,0,0,0,0,0,0,0,0,0,0,0,0,0,0,0,0,0,0,0,0,0,0,0,0,0,0,0,0,0,0,0,0,0,0,0,0,0,0,0,0,0,0,0,0,0,0,0,0,0,0,0,0
Bloque,59,Deltas,0,0,0,0,0,0,0,0,0,0,0,0,0,0,0,0,0,0,0,0,0,0,0,0,0,0,0,0,0,0,0,0,0,0,0,0,0,0,0,0,0,0,0,0,0,0,0,0,0,0,0,0,0,0,0,0,0,0,0,0,0,0,0,0,0,0,0,0,0,0,0,0,0,0,0,0,0,0,0,0,0,0,0,0,0,0,0,0,0,0,0,0,0,0,0,0,0,0,0,0,0,0,0,0,0,0,0,0,0,0,0,0,0,0,0,0,0,0,0,0,0
Bloque,60,Deltas,0,0,0,0,0,0,0,0,0,0,0,0,0,0,0,0,0,0,0,0,0,0,0,0,0,0,0,0,0,0,0,0,0,0,0,0,0,0,0,0,0,0,0,0,0,0,0,0,0,0,0,0,0,0,0,0,0,0,0,0,0,0,0,0,0,0,0,0,0,0,0,0,0,0,0,0,0,0,0,0,0,0,0,0,0,0,0,0,0,0,0,0,0,0,0,0,0,0,0,0,0,0,0,0,0,0,0,0,0,0,0,0,0,0,0,0,0,0,0,0,0
Bloque,61,Deltas,0,0,0,0,0,0,0,0,0,0,0,0,0,0,0,0,0,0,0,0,0,0,0,0,0,0,0,0,0,0,0,0,0,0,0,0,0,0,0,0,0,0,0,0,0,0,0,0,0,0,0,0,0,0,0,0,0,0,0,0,0,0,0,0,0,0,0,0,0,0,0,0,0,0,0,0,0,0,0,0,0,0,0,0,0,0,0,0,0,0,0,0,0,0,0,0,0,0,0,0,0,0,0,0,0,0,0,0,0,0,0,0,0,0,0,0,0,0,0,0,0
Bloque,62,Deltas,0,0,0,0,0,0,0,0,0,0,0,0,0,0,0,0,0,0,0,0,0,0,0,0,0,0,0,0,0,0,0,0,0,0,0,0,0,0,0,0,0,0,0,0,0,0,0,0,0,0,0,0,0,0,0,0,0,0,0,0,0,0,0,0,0,0,0,0,0,0,0,0,0,0,0,0,0,0,0,0,0,0,0,0,0,0,0,0,0,0,0,0,0,0,0,0,0,0,0,0,0,0,0,0,0,0,0,0,0,0,0,0,0,0,0,0,0,0,0,0,0
Bloque,63,Deltas,0,0,0,0,0,0,0,0,0,0,0,0,0,0,0,0,0,0,0,0,0,0,0,0,0,0,0,0,0,0,0,0,0,0,0,0,0,0,0,0,0,0,0,0,0,0,0,0,0,0,0,0,0,0,0,0,0,0,0,0,0,0,0,0,0,0,0,0,0,0,0,0,0,0,0,0,0,0,0,0,0,0,0,0,0,0,0,0,0,0,0,0,0,0,0,0,0,0,0,0,0,0,0,0,0,0,0,0,0,0,0,0,0,0,0,0,0,0,0,0,0
Bloque,64,Deltas,0,0,0,0,0,0,0,0,0,0,0,0,0,0,0,0,0,0,0,0,0,0,0,0,0,0,0,0,0,0,0,0,0,0,0,0,0,0,0,0,0,0,0,0,0,0,0,0,0,0,0,0,0,0,0,0,0,0,0,0,0,0,0,0,0,0,0,0,0,0,0,0,0,0,0,0,0,0,0,0,0,0,0,0,0,0,0,0,0,0,0,0,0,0,0,0,0,0,0,0,0,0,0,0,0,0,0,0,0,0,0,0,0,0,0,0,0,0,0,0,0
Bloque,65,Deltas,0,0,0,0,0,0,0,0,0,0,0,0,0,0,0,0,0,0,0,0,0,0,0,0,0,0,0,0,0,0,0,0,0,0,0,0,0,0,0,0,0,0,0,0,-1,-1,-1,-1,-1,-1,-1,-1,-1,-1,-1,-1,-1,-1,-1,-1,-1,-1,-1,-1,-1,-1,0,0,0,0,0,0,0,0,0,0,0,0,0,0,0,0,0,0,0,0,0,0,0,0,0,0,0,0,0,0,0,0,0,0,0,0,0,0,0,0,0,0,0,0,0,0,0,0,0,0,0,0,0,0,0
Bloque,66,Deltas,0,0,0,0,0,0,0,0,0,0,0,0,0,0,0,0,0,0,0,0,0,0,0,0,0,0,0,0,0,0,0,0,0,0,0,0,0,0,0,0,0,0,0,0,-1,-1,-1,-1,-1,0,0,0,0,0,0,-1,-1,-1,-1,-1,0,0,0,0,0,0,0,0,0,0,0,0,0,0,0,0,0,0,0,0,0,0,0,0,0,0,0,0,0,0,0,0,0,0,0,0,0,0,0,0,0,0,0,0,0,0,0,0,0,0,0,0,0,0,0,0,0,0,0,0,0
Bloque,67,Deltas,0,0,0,0,0,0,0,0,0,0,-1,0,0,0,0,0,0,0,0,0,0,-1,0,0,0,0,0,0,0,0,0,0,0,0,0,0,0,0,0,0,0,0,0,0,0,0,0,0,0,0,0,0,0,0,-1,0,0,0,0,0,0,0,0,0,0,-1,0,0,0,0,0,0,0,0,0,0,-1,0,0,0,0,0,0,0,0,0,0,-1,0,0,0,0,0,0,0,0,0,0,1,0,0,0,0,0,0,0,0,0,0,1,0,0,0,0,0,0,-3,0,2,4,0
Bloque,68,Deltas,-1,-1,-1,-1,-1,-1,-1,-1,-1,-1,-1,-1,-1,-1,-1,-1,-1,-1,-1,-1,-1,-1,0,0,0,0,0,0,0,-1,-1,-1,-1,0,0,0,0,0,0,0,-1,-1,-1,-1,-1,-1,-1,-1,-1,-1,-1,0,0,0,0,-1,-1,-1,-1,-1,-1,-1,0,0,0,0,-1,-1,-1,-1,-1,-1,-1,0,0,0,0,-1,-1,-1,-1,-1,-1,-1,0,0,0,0,1,1,1,1,1,1,1,0,0,1,1,1,1,1,1,1,1,1,0,0,1,1,0,0,0,0,0,0,0,0,0,0,0
Bloque,69,Deltas,-1,-1,-1,-1,0,0,0,0,0,0,0,-1,-1,-1,-1,0,0,0,0,0,0,0,-1,-1,-1,-1,0,0,0,0,0,0,0,-1,-1,-1,-1,0,0,0,0,0,0,0,0,0,0,0,0,0,0,0,0,0,0,0,0,0,0,0,0,0,0,0,0,0,0,0,0,0,0,0,0,0,0,0,0,0,0,0,0,0,0,0,0,0,0,0,0,0,0,0,0,0,0,0,0,0,0,0,0,0,0,0,0,0,0,0,0,0,1,1,0,0,0,0,0,0,0,0,0
Bloque,70,Deltas,0,0,0,0,0,0,0,0,0,0,0,0,0,0,0,0,0,0,0,0,0,0,0,0,0,0,0,0,0,0,0,0,0,0,0,0,0,0,0,0,0,0,0,0,0,0,0,0,0,0,0,0,0,0,0,0,0,0,0,0,0,0,0,0,0,0,0,0,0,0,0,0,0,0,0,0,0,0,0,0,0,0,0,0,0,0,0,0,0,0,0,0,0,0,0,0,0,0,0,0,0,0,0,0,0,0,0,0,0,0,0,0,0,0,0,0,0,0,0,0,0
Bloque,71,Deltas,0,0,0,0,0,0,0,0,0,0,0,0,0,0,0,0,0,0,0,0,0,0,0,0,0,0,0,0,0,0,0,0,0,0,0,0,0,0,0,0,0,0,0,0,0,0,0,0,0,0,0,0,0,0,0,0,0,0,0,0,0,0,0,0,0,0,0,0,0,-1,0,0,0,0,0,0,0,0,0,0,1,0,-2,1,0,2,0,-3,0,0,0,3,-3,-1,5,-1,-2,-1,0,0,0,1,0,-2,0,3,-1,1,0,-1,0,0,0,0,0,0,0,0,0,0,0
Bloque,72,Deltas,0,0,0,0,0,0,0,0,0,0,0,0,0,0,0,0,0,0,0,0,0,0,0,0,0,0,0,0,0,0,0,0,0,0,0,0,0,0,0,0,0,0,0,0,0,0,0,0,0,0,0,0,0,0,0,0,0,0,0,0,0,0,0,0,0,0,0,0,0,0,0,0,0,0,0,0,0,1,0,0,0,0,0,0,0,0,0,0,0,0,0,0,0,0,0,0,0,0,0,-1,0,0,0,0,0,0,0,0,0,0,0,0,0,0,0,0,0,0,0,0,0
Bloque,73,Deltas,0,0,0,0,0,0,0,0,-1,-1,-1,0,0,0,0,0,0,0,0,-1,-1,-1,0,0,0,0,0,0,0,0,0,0,0,0,0,0,0,0,0,0,0,0,0,0,0,0,0,0,0,0,0,0,0,0,0,0,0,0,0,0,0,0,0,0,0,0,0,0,0,0,0,0,0,0,0,0,0,0,0,0,0,0,0,0,0,0,0,0,0,0,0,0,0,0,0,0,0,0,0,0,0,0,0,0,0,0,0,0,0,0,0,0,0,0,0,0,0,0,0,0,0
Bloque,74,Deltas,-1,-1,-1,-1,-1,-1,-1,-1,-1,-1,-1,-1,-1,-1,-1,-1,-1,-1,-1,-1,-1,-1,0,0,0,0,0,0,0,0,0,0,0,0,0,0,0,0,0,0,0,0,0,0,0,0,0,0,0,0,0,0,0,0,0,0,0,0,0,0,0,0,0,0,0,0,0,0,0,0,0,-1,-1,-1,-1,-1,-1,0,0,0,0,0,-1,-1,-1,-1,-1,-1,0,0,0,0,0,-1,-1,-1,-1,-1,-2,0,0,0,0,0,-1,-1,-1,-1,0,1,0,0,0,0,0,0,0,0,0,0,0
Bloque,75,Deltas,-1,0,5,-2,-3,0,0,0,0,0,0,-1,0,3,-1,-3,0,0,0,0,0,0,0,1,3,0,-4,0,0,0,0,0,0,0,1,2,0,-4,0,0,0,0,0,0,0,2,2,0,-3,0,0,0,0,0,0,0,2,2,0,-4,0,0,0,0,0,0,-1,0,2,2,-3,-1,0,0,0,0,0,-1,0,2,2,-4,-1,0,0,0,0,0,0,1,2,1,-3,-1,0,0,0,0,0,0,1,2,0,-3,-1,0,0,0,0,0,0,0,4,2,-2,-3,0,0,0,0,0
Bloque,76,Deltas,0,0,0,0,0,0,0,1,3,0,1,0,0,0,0,0,0,0,0,-1,-5,0,0,0,0,0,0,0,0,1,1,-4,0,0,0,0,0,0,0,0,0,-1,-2,0,0,0,0,0,0,0,0,0,1,0,-4,0,0,0,0,0,0,0,1,-1,-5,0,0,0,0,0,0,0,0,-1,0,-4,3,0,0,0,0,0,0,0,3,-1,-4,-1,0,0,0,0,0,0,0,0,-1,-2,-2,0,0,0,0,0,0,0,0,-1,-5,0,1,3,-2,0,0,-1,0,0,0,-2,0
Bloque,77,Deltas,3,-3,12,-7,-3,-4,0,3,2,6,-2,2,0,8,-8,3,-8,0,7,-4,8,-7,0,-1,8,-6,2,-5,0,-4,2,0,0,-2,3,7,-5,-3,-2,-2,-5,1,2,-1,3,-2,10,-4,-3,-3,0,3,-5,6,-6,7,-7,13,-4,0,-8,0,6,-7,1,-5,-1,0,13,-4,0,-3,2,0,-1,-2,-1,-2,4,8,-6,-4,-2,-1,-2,2,-3,-2,6,-3,9,-3,-6,-4,1,4,-7,6,-4,7,-8,12,-3,-1,-5,0,5,-6,7,-7,3,-2,11,-4,-5,1,1,-6,2,-2,-2
Bloque,78,Deltas,11,0,0,0,0,0,0,0,0,0,0,12,0,0,0,0,0,0,0,0,0,0,10,0,0,0,0,0,0,0,0,0,0,11,0,0,0,0,0,0,0,0,0,0,12,0,0,0,0,0,0,0,0,0,0,9,0,0,0,0,0,0,0,0,0,0,6,0,0,0,0,0,0,0,0,0,0,10,0,0,0,0,0,0,0,0,0,0,12,0,0,0,0,0,0,0,0,0,0,13,0,0,0,0,0,0,0,0,0,0,13,-7,-1,1,-1,-2,-3,0,-1,4,-3
Bloque,79,Deltas,0,0,0,0,0,0,0,0,0,0,0,0,0,0,0,0,0,0,0,0,0,0,0,0,0,0,0,0,0,0,0,0,0,0,0,0,0,0,0,0,0,0,0,0,0,0,0,0,0,0,0,0,0,0,0,0,0,0,0,0,0,0,0,0,0,0,0,0,0,0,0,0,0,0,0,0,0,0,0,0,0,0,0,0,0,0,0,0,0,0,0,0,0,0,0,0,0,0,0,0,0,0,0,0,0,0,0,0,0,0,-6,2,0,1,-2,0,-1,3,-2,-8,-1
Bloque,80,Deltas,0,0,0,0,0,0,0,0,0,0,0,0,0,0,0,0,0,0,0,0,0,0,0,0,0,0,0,0,0,0,0,0,0,0,0,0,0,0,0,0,0,0,0,0,0,0,0,0,0,0,0,0,0,0,0,0,0,0,0,0,0,0,0,0,0,0,0,0,0,0,0,0,0,0,0,0,0,0,0,0,0,0,0,0,0,0,0,0,0,0,0,0,0,0,0,0,0,0,0,0,0,0,0,0,0,0,0,0,0,0,0,-5,0,-2,-1,-1,-1,1,-1,-1,0
Bloque,81,Deltas,0,0,0,0,0,0,0,0,0,0,0,0,0,0,0,0,0,0,0,0,0,0,0,0,0,0,0,0,0,0,0,0,0,0,0,0,0,0,0,0,0,0,0,0,0,0,0,0,0,0,0,0,0,0,0,0,0,0,0,0,0,0,0,0,0,0,0,0,0,0,0,0,0,0,0,0,0,0,0,0,0,0,0,0,0,0,0,0,0,0,0,0,0,0,0,0,0,0,0,0,0,0,0,0,0,0,0,0,0,0,0,0,0,0,0,0,0,0,0,0,0
Bloque,82,Deltas,0,0,0,0,0,0,0,0,0,0,0,0,0,0,0,0,0,0,0,0,0,0,0,0,0,0,0,0,0,0,0,0,0,0,0,0,0,0,0,0,0,0,0,0,0,0,0,0,0,0,0,0,0,0,0,0,0,0,0,0,0,0,0,0,0,0,0,0,0,0,0,0,0,0,0,0,0,0,0,0,0,0,0,0,0,0,0,0,0,0,0,0,0,0,0,0,0,0,0,0,0,0,1,-2,0,0,0,0,0,0,0,0,-1,2,-4,0,0,0,0,0,0
Bloque,83,Deltas,0,0,0,0,0,0,0,0,0,0,0,0,0,0,0,0,0,0,0,0,0,0,0,0,0,0,0,0,0,0,0,0,0,0,0,0,0,0,0,0,0,0,0,0,0,0,0,0,0,0,0,0,0,0,0,0,0,0,0,0,0,0,0,0,0,0,0,0,0,0,0,0,0,0,0,0,0,0,0,0,0,0,0,0,0,0,0,0,0,0,0,0,0,0,0,0,0,0,0,0,0,0,0,0,0,0,0,0,0,0,0,0,0,0,0,0,0,0,0,0,0
Bloque,84,Deltas,0,0,0,0,0,0,0,0,0,0,0,0,0,0,0,0,0,0,0,0,0,0,0,0,0,0,0,0,0,0,0,0,0,0,0,0,0,0,0,0,0,0,0,0,0,0,0,0,0,0,0,0,0,0,0,0,0,0,0,0,0,0,0,0,0,0,0,0,0,0,0,0,0,0,0,0,0,0,0,0,0,0,0,0,0,0,0,0,0,0,0,0,0,0,0,0,0,0,0,0,0,0,0,0,0,0,0,0,0,0,0,0,0,0,0,0,0,0,0,0,0
Bloque,85,Deltas,0,0,0,0,0,0,0,0,0,0,0,0,0,0,0,0,0,0,0,0,0,0,0,0,0,0,0,0,0,0,0,0,0,0,0,0,0,0,0,0,0,0,0,0,0,0,0,0,0,0,0,0,0,0,0,0,0,0,0,0,0,0,0,0,0,0,0,0,0,0,0,0,0,0,0,0,0,0,0,0,0,0,0,0,0,0,0,0,0,0,0,0,0,0,0,0,0,0,0,0,0,0,0,0,0,0,0,0,0,0,0,0,0,0,0,0,0,0,0,0,0
Bloque,86,Deltas,0,0,0,0,0,0,0,0,0,0,0,0,0,0,0,0,0,0,0,0,0,0,0,0,0,0,0,0,0,0,0,0,0,0,0,0,0,0,0,0,0,0,0,0,0,0,0,0,0,0,0,0,0,0,0,0,0,0,0,0,0,0,0,0,0,0,0,0,0,0,0,0,0,0,0,0,0,0,0,0,0,0,0,0,0,0,0,0,0,0,0,0,0,0,0,0,0,0,0,0,0,0,0,0,0,0,0,0,0,0,0,0,0,0,0,0,0,0,0,0,0
Bloque,87,Deltas,0,0,0,0,0,0,0,0,0,0,0,0,0,0,0,0,0,0,0,0,0,0,0,0,0,0,0,0,0,0,0,0,0,0,0,0,0,0,0,0,0,0,0,0,0,0,0,0,0,0,0,0,0,0,0,0,0,0,0,0,0,0,0,0,0,0,0,0,0,0,0,0,0,0,0,0,0,0,0,0,0,0,0,0,0,0,0,0,0,0,0,0,0,0,0,0,0,0,0,0,0,0,0,0,0,0,0,0,0,0,0,0,0,0,0,0,0,0,0,0,0
Bloque,88,Deltas,0,0,0,0,0,0,0,0,0,0,0,0,0,0,0,0,0,0,0,0,0,0,0,0,0,0,0,0,0,0,0,0,0,0,0,0,0,0,0,0,0,0,0,0,0,0,0,0,0,0,0,0,0,0,0,0,0,0,0,0,0,0,0,0,0,0,0,0,0,0,0,0,0,0,0,0,0,0,0,0,0,0,0,0,0,0,0,0,0,0,0,0,0,0,0,0,0,0,0,0,0,0,0,0,0,0,0,0,0,0,0,0,0,0,0,0,0,0,0,0,0
Bloque,89,Deltas,0,0,0,0,0,0,0,0,0,0,0,0,0,0,0,0,0,0,0,0,0,0,0,0,0,0,0,0,0,0,0,0,0,0,0,0,0,0,0,0,0,0,0,0,0,0,0,0,0,0,0,0,0,0,0,0,0,0,0,0,0,0,0,0,0,0,0,0,0,0,0,0,0,0,0,0,0,0,0,0,0,0,0,0,0,0,0,0,0,0,0,0,0,0,0,0,0,0,0,0,0,0,0,0,0,0,0,0,0,0,0,0,0,0,0,0,0,0,0,0,0
Bloque,90,Deltas,0,0,0,0,0,0,0,0,0,0,0,0,0,0,0,0,0,0,0,0,0,0,0,0,0,0,0,0,0,0,0,0,0,0,0,0,0,0,0,0,0,0,0,0,0,0,0,0,0,0,0,0,0,0,0,0,0,0,0,0,0,0,0,0,0,0,0,0,0,0,0,0,0,0,0,0,0,0,0,0,0,0,0,0,0,0,0,0,0,0,0,0,0,0,0,0,0,0,0,0,0,0,0,0,0,0,0,0,0,0,0,0,0,0,0,0,0,0,0,0,0
Bloque,91,Deltas,0,0,0,0,0,0,0,0,0,0,0,0,0,0,0,0,0,0,0,0,0,0,0,0,0,0,0,0,0,0,0,0,0,0,0,0,0,0,0,0,0,0,0,0,0,0,0,0,0,0,0,0,0,0,0,0,0,0,0,0,0,0,0,0,0,0,0,0,0,0,0,0,0,0,0,0,0,0,0,0,0,0,0,0,0,0,0,0,0,0,0,0,0,0,0,0,0,0,0,0,0,0,0,0,0,0,0,0,0,0,0,0,0,0,0,0,0,0,0,0,0
Bloque,92,Deltas,0,0,0,0,0,0,0,0,0,0,0,0,0,0,0,0,0,0,0,0,0,0,0,0,0,0,0,0,0,0,0,0,0,0,0,0,0,0,0,0,0,0,0,0,0,0,0,0,0,0,0,0,0,0,0,0,0,0,0,0,0,0,0,0,0,0,0,0,0,0,0,0,0,0,0,0,0,0,0,0,0,0,0,0,0,0,0,0,0,0,0,0,0,0,0,0,0,0,0,0,0,0,0,0,0,0,0,0,0,0,0,0,0,0,0,0,0,0,0,0,0
Bloque,93,Deltas,0,0,0,0,0,0,0,0,0,0,0,0,0,0,0,0,0,0,0,0,0,0,0,0,0,0,0,0,0,0,0,0,0,0,0,0,0,0,0,0,0,0,0,0,0,0,0,0,0,0,0,0,0,0,0,0,0,0,0,0,0,0,0,0,0,0,0,0,0,0,0,0,0,0,0,0,0,0,0,0,0,0,0,0,0,0,0,0,0,0,0,0,0,0,0,0,0,0,0,0,0,0,0,0,0,0,0,0,0,0,0,0,0,0,0,0,0,0,0,0,0
Bloque,94,Deltas,0,0,0,0,0,0,0,0,0,0,0,0,0,0,0,0,0,0,0,0,0,0,0,0,0,0,0,0,0,0,0,0,0,0,0,0,0,0,0,0,0,0,0,0,0,0,0,0,0,0,0,0,0,0,0,0,0,0,0,0,0,0,0,0,0,0,0,0,0,0,0,0,0,0,0,0,0,0,0,0,0,0,0,0,0,0,0,0,0,0,0,0,0,0,0,0,0,0,0,0,0,0,0,0,0,0,0,0,0,0,0,0,0,0,0,0,0,0,0,0,0
Bloque,95,Deltas,0,0,0,0,0,0,0,0,0,0,0,0,0,0,0,0,0,0,0,0,0,0,0,0,0,0,0,0,0,0,0,0,0,0,0,0,0,0,0,0,0,0,0,0,0,0,0,0,0,0,0,0,0,0,0,0,0,0,0,0,0,0,0,0,0,0,0,0,0,0,0,0,0,0,0,0,0,0,0,0,0,0,0,0,0,0,0,0,0,0,0,0,0,0,0,0,0,0,0,0,0,0,0,0,0,0,0,0,0,0,0,0,0,0,0,0,0,0,0,0,0
Bloque,96,Deltas,0,0,0,0,0,0,0,0,0,0,0,0,0,0,0,0,0,0,0,0,0,0,0,0,0,0,0,0,0,0,0,0,0,0,0,0,0,0,0,0,0,0,0,0,0,0,0,0,0,0,0,0,0,0,0,0,0,0,0,0,0,0,0,0,0,0,0,0,0,0,0,0,0,0,0,0,0,0,0,0,0,0,0,0,0,0,0,0,0,0,0,0,0,0,0,0,0,0,0,0,0,0,0,0,0,0,0,0,0,0,0,0,0,0,0,0,0,0,0,0,0
Bloque,97,Deltas,0,0,0,0,0,0,0,0,0,0,0,0,0,0,0,0,0,0,0,0,0,0,0,0,0,0,0,0,0,0,0,0,0,0,0,0,0,0,0,0,0,0,0,0,0,0,0,0,0,0,0,0,0,0,0,0,0,0,0,0,0,0,0,0,0,0,0,0,0,0,0,0,0,0,0,0,0,0,0,0,0,0,0,0,0,0,0,0,0,0,0,0,0,0,0,0,1,-4,2,2,0,-2,-1,0,0,0,0,-1,0,4,1,2,-1,-5,0,0,0,0,-1,0,0
Bloque,98,Deltas,0,0,0,0,0,0,0,0,0,0,0,0,0,0,0,0,0,0,0,0,0,0,0,0,0,0,0,0,0,0,0,0,0,0,0,0,0,0,0,0,0,0,0,0,0,0,0,0,0,0,0,0,0,0,0,0,0,0,0,0,0,0,0,0,0,0,0,0,0,0,0,0,0,0,0,0,0,0,0,0,0,0,0,0,0,0,0,-1,-1,-3,0,0,0,0,0,0,0,0,0,-4,0,-4,0,-1,-1,0,0,0,0,0,-1,-1,0,-3,-2,0,0,0,0,0,-1
Bloque,99,Deltas,0,0,0,0,0,0,1,-2,3,0,0,0,0,0,0,0,0,1,-2,4,0,0,0,0,0,0,0,0,-3,0,3,3,0,0,0,0,0,0,0,-2,1,-1,1,-2,0,0,0,0,0,0,-1,1,-1,1,-1,0,0,0,0,0,0,3,3,-4,-2,1,0,0,0,0,0,0,-3,0,0,2,2,-3,-2,-3,1,3,3,-4,-3,4,5,-2,0,0,3,4,0,-4,-4,-2,3,6,-1,1,2,0,2,2,0,-5,-1,2,6,-1,-2,-2,-1,0,0,0,-6,0,1,7,-1
Bloque,100,Deltas,0,0,0,0,0,0,0,0,0,0,0,0,0,0,0,0,0,0,1,0,0,0,0,0,0,0,0,0,0,0,-1,0,0,0,0,-3,-2,0,-3,-1,0,1,1,-4,0,0,-1,0,3,-3,2,1,-1,-2,6,0,0,1,3,-2,3,0,-2,-3,-4,-1,0,0,3,-1,-3,0,-1,-2,1,-1,-3,-1,0,1,0,-2,-2,2,1,0,0,0,-1,0,2,-1,-3,-1,1,0,0,0,-2,-1,0,2,-4,-2,-1,-1,0,0,-1,1,-1,0,1,-5,-2,-1,-3,0,2,-3,0
Bloque,101,Deltas,1,1,0,0,0,0,0,0,0,0,0,0,0,0,0,0,0,0,0,0,0,0,0,0,0,0,0,0,0,0,0,0,0,-2,1,0,0,0,0,0,0,0,0,0,-3,-2,0,0,0,0,0,0,0,0,0,7,-5,0,-2,0,-1,-1,-1,0,0,0,-2,-4,1,0,-3,-3,-2,-1,0,0,0,-1,-2,1,-1,-1,-3,1,-1,1,-1,-2,-2,-2,1,3,3,-5,-2,0,-2,-1,1,-2,-1,1,1,1,-9,0,5,1,1,-5,0,2,2,-3,-3,-5,-3,0,0,0,-11
Bloque,102,Deltas,0,0,0,0,0,0,0,0,0,0,0,0,0,0,0,0,0,0,0,0,0,0,0,0,0,0,0,0,0,0,0,0,0,0,0,0,0,0,0,0,0,0,0,0,0,0,0,0,0,0,0,0,0,0,0,0,0,0,0,0,0,0,0,0,0,0,0,0,0,0,0,0,-1,-1,0,0,0,0,0,3,2,-1,-3,1,-2,2,0,-3,0,-3,3,-1,-2,-1,6,-2,1,1,-5,-12,10,7,5,-4,-2,3,-3,-1,-1,-1,-23,3,12,16,-7,-1,-1,-1,-1,0,-5
Bloque,103,Deltas,0,0,0,0,0,0,0,0,0,0,0,0,0,0,0,0,0,0,0,0,0,0,0,0,0,0,0,0,0,0,0,0,0,0,0,0,0,0,0,0,0,0,-1,-2,0,0,0,0,0,0,0,0,0,0,-2,0,0,0,0,0,0,0,0,0,0,0,0,0,0,0,0,0,0,0,0,0,-1,0,3,2,1,-4,0,2,0,-2,-1,0,2,0,1,0,-3,0,1,-1,-1,0,0,-1,3,-1,0,-2,3,0,-1,-1,0,0,1,1,-1,-1,-2,4,-1,-2,0,2,1
Bloque,104,Deltas,0,0,0,0,0,0,0,0,0,0,0,0,0,0,0,0,0,0,0,0,0,0,0,0,0,0,0,0,0,0,0,0,0,-1,-3,-2,0,0,0,0,0,0,0,0,-1,-4,-1,0,0,0,0,0,0,0,0,0,0,0,0,0,0,0,0,0,0,0,1,-1,1,0,0,0,0,0,0,0,0,1,-1,1,-1,1,-5,2,3,-3,3,0,1,0,1,-2,2,-1,0,1,-5,0,-1,0,1,0,-1,1,0,-1,0,-2,-3,0,-1,2,0,1,-1,-1,1,1,0,-1,3
Bloque,105,Deltas,0,0,0,0,0,0,0,0,0,0,0,0,0,0,0,0,0,0,0,0,0,0,0,0,0,0,0,0,0,0,0,0,0,3,1,0,2,0,0,0,0,0,0,0,-1,-2,-1,2,0,0,0,0,0,0,0,2,0,1,5,0,0,0,0,0,0,0,2,0,-2,0,0,0,0,0,0,0,0,-5,0,3,-6,-1,-5,0,2,-1,-1,0,-1,0,7,-11,0,-3,0,3,-1,-1,0,1,0,7,-9,0,-1,0,0,-1,-1,0,1,0,3,0,0,0,0,-1,-1,-2,0
Bloque,106,Deltas,0,0,0,0,0,0,0,0,0,0,0,0,0,0,0,0,0,0,0,0,0,0,0,0,0,0,0,0,0,0,0,0,0,0,0,0,0,0,0,0,0,0,0,0,0,0,0,0,0,0,0,0,0,0,0,0,0,0,0,0,0,0,0,0,0,0,0,0,0,0,0,0,0,0,0,0,0,1,0,0,-1,0,1,0,-1,-1,3,0,0,-1,1,6,-5,1,0,-1,-1,1,2,0,1,-2,4,-1,1,0,-1,-1,-2,1,1,-2,0,1,1,1,0,-1,-2,0,-2
Bloque,107,Deltas,0,0,4,0,-2,-3,0,0,0,0,0,0,0,3,0,-2,-3,0,0,0,0,-1,0,0,3,0,-2,-3,0,0,0,0,-2,0,0,3,0,-2,-3,-3,1,-2,-1,0,0,0,3,0,-2,-3,-1,-1,-4,1,1,0,0,3,0,-2,-2,-3,1,-1,-2,1,0,0,4,0,-2,-2,-1,-2,-4,0,0,-3,-2,-1,-3,-2,0,0,0,0,0,1,0,-4,-2,0,2,-2,0,0,0,0,-3,0,-2,1,-1,-1,1,0,0,0,0,2,-2,1,-1,0,0,-1,0,0,0,0,-1
Bloque,108,Deltas,1,2,-2,0,-2,0,0,-1,1,-2,0,0,2,-2,1,-3,2,-2,-1,0,-1,-1,0,2,-2,1,-4,3,-2,-3,0,-5,0,0,0,0,0,0,0,0,1,0,0,3,3,-5,-2,0,0,0,0,1,0,-5,1,3,-5,-1,-1,-1,0,0,1,-4,-2,-1,0,0,0,-1,-1,0,0,1,-1,-8,-5,-2,3,-1,3,1,0,-2,-3,-3,-7,-2,-1,-2,-2,-2,1,0,-5,-1,4,-5,-1,-2,3,0,-2,2,3,0,3,4,-1,-6,-1,0,-2,-3,-2,0,2,3,-1,-9,-1
Bloque,109,Deltas,0,0,10,-1,-6,0,-3,-2,-1,-2,-2,7,-3,6,-1,-2,-1,-8,13,1,2,0,8,-6,9,0,-2,-1,0,13,1,1,-4,-1,-3,5,-1,-6,0,-6,2,3,-1,0,1,-4,7,-3,-6,0,-4,-2,0,1,0,-1,-4,7,-2,-6,-3,-2,4,-6,6,-6,5,-4,7,0,-3,-4,0,7,-6,2,-7,-3,-1,10,-5,-3,-3,-3,-3,1,-3,-5,-3,1,8,-2,-7,-2,-1,0,2,-4,0,4,-3,5,2,-3,0,-7,7,-6,5,-4,9,-7,6,3,-4,-2,-3,10,-7,7,-4
Bloque,110,Deltas,10,-7,-2,1,-2,0,-2,-1,-2,6,-3,4,-7,-1,1,-1,5,-7,5,-7,8,-4,2,-7,0,1,0,5,-5,4,-7,9,-5,7,-4,-2,0,1,0,2,0,-2,6,-6,8,-4,-3,0,1,0,0,1,-2,5,-4,5,7,-3,-3,-6,10,-1,0,-9,7,1,8,8,-3,-4,-5,10,-5,1,-8,7,4,9,0,-9,2,-1,1,-2,0,-4,3,-2,8,1,-3,2,0,1,-1,-2,-2,5,-2,7,0,-7,3,-7,3,-8,6,-6,5,1,8,1,-1,3,-5,4,-7,5,-6,6,1
Bloque,111,Deltas,-5,2,-2,0,-1,0,-2,7,-4,-4,-1,-1,3,-6,6,-7,6,-5,11,3,-6,2,0,4,-7,5,-4,6,-4,7,1,-6,2,-4,2,-5,0,-1,0,-2,7,-3,-6,-4,-4,1,-3,0,0,-1,-4,7,-4,-2,-3,-4,1,-7,5,-7,2,-3,8,1,-3,4,-3,0,-7,6,-6,2,-6,6,2,1,4,-8,3,-1,1,-2,1,0,8,-2,2,0,-7,5,0,0,0,0,0,6,-1,-3,4,-6,5,-3,4,-6,2,-12,7,2,-6,2,-6,5,-2,4,-3,1,-6,4,-1,-1,1
Bloque,112,Deltas,3,1,1,3,-3,1,0,0,0,0,-1,-7,5,2,-2,4,2,-2,-4,1,1,1,-6,1,1,-2,-2,4,3,2,0,3,-3,2,-1,3,-2,-4,-1,-1,-2,0,3,-4,-3,0,-1,0,-2,-1,1,5,2,0,-4,-6,1,3,0,-3,-1,-2,-1,1,0,2,-2,1,1,-3,1,2,-1,-5,-2,-2,0,1,-1,-2,-1,0,0,2,0,-1,0,-1,0,0,-3,4,0,-1,-1,1,1,0,0,-4,3,4,-1,0,1,-1,-1,0,1,1,-2,5,1,0,-1,0,0,-1,-1,0,2
Bloque,113,Deltas,0,0,0,0,0,0,0,1,-1,0,0,1,-1,0,0,0,-1,0,0,0,0,0,0,2,0,-1,0,1,1,-5,1,0,0,0,7,0,-2,3,2,-1,-10,3,5,-2,1,5,-1,0,1,-4,0,-7,1,4,-2,-2,2,1,-1,0,-1,0,-6,3,-1,0,-1,-1,2,-1,0,2,-1,-1,2,-1,-2,1,0,0,-2,0,1,0,0,0,-2,-1,-3,-2,1,1,-1,2,0,1,2,-3,-3,-4,-2,2,1,1,1,-1,-1,-1,-1,0,1,1,-1,-5,0,2,-1,-1,-5,-2,0
Bloque,114,Deltas,0,0,0,2,-5,0,0,0,0,0,0,0,0,0,4,-6,0,0,0,0,0,0,0,0,0,4,-5,0,0,0,0,0,0,2,1,0,5,-3,1,1,0,0,0,0,1,2,1,4,-4,1,1,0,0,0,0,1,-1,0,6,-7,0,0,0,0,0,0,0,-2,-3,6,-3,0,0,0,0,0,0,-6,2,1,7,0,5,10,19,2,7,-5,0,-1,2,0,0,-5,4,14,-9,2,17,1,-4,3,-2,1,-12,0,-4,-20,23,32,2,-4,5,-4,0,33,26,12,3,16,19
Bloque,115,Deltas,0,0,0,0,0,0,0,0,0,0,0,0,0,0,0,0,0,0,0,0,0,0,0,0,0,0,0,0,0,0,0,0,0,0,0,0,0,0,0,0,0,0,0,0,0,0,0,0,0,0,0,0,0,0,0,0,1,0,0,0,0,1,1,0,0,0,0,2,0,0,0,0,1,1,0,0,0,7,-5,-2,1,-3,10,5,4,-4,9,2,-7,-4,8,2,-2,-20,24,-15,-12,8,0,1,0,4,-8,-20,-57,33,-2,14,2,0,5,2,27,-30,-13,-21,1,-11,3,8,0
Bloque,116,Deltas,0,0,0,0,0,0,0,0,0,0,0,0,0,0,0,0,0,0,0,0,0,0,0,0,0,0,0,0,0,0,0,0,0,0,0,0,0,0,0,0,0,0,0,0,0,0,0,0,0,0,0,0,0,0,0,0,0,0,0,0,0,0,0,0,0,0,0,0,0,0,0,0,0,0,0,0,0,-1,0,0,0,0,0,0,0,0,0,0,0,0,0,0,0,0,0,0,0,0,0,0,0,0,0,0,0,0,0,0,0,0,0,0,0,0,0,0,0,0,0,0,0
Bloque,117,Deltas,0,0,0,0,0,0,0,0,0,0,0,0,0,0,0,0,0,0,0,0,0,0,0,0,0,0,0,0,0,0,0,0,0,0,0,0,0,0,0,0,0,0,0,0,0,0,0,0,0,0,0,0,0,0,0,0,0,0,0,0,0,0,0,0,0,0,0,0,0,0,0,0,0,0,0,0,0,0,0,0,0,0,0,0,0,0,0,0,0,0,0,0,0,0,0,0,0,0,0,0,0,0,0,0,0,0,0,0,0,0,0,0,0,0,0,0,0,0,0,0,0
Bloque,118,Deltas,0,0,0,0,0,0,0,0,0,0,0,0,0,0,0,0,0,0,0,0,0,0,0,0,0,0,0,0,0,0,0,0,0,0,0,0,0,0,0,0,0,0,0,0,0,0,0,0,0,0,0,0,0,0,0,0,0,0,0,0,0,0,0,0,0,0,0,0,0,0,0,0,0,0,0,0,0,0,0,0,0,0,0,0,0,0,0,0,0,0,0,0,0,0,0,0,0,0,0,0,0,0,0,0,0,0,0,0,0,0,0,0,0,0,0,0,0,0,0,0,0
Bloque,119,Deltas,0,0,0,0,0,0,0,0,0,0,0,0,0,0,0,0,0,0,0,0,0,0,0,0,0,0,0,0,0,0,0,0,0,0,0,0,0,0,0,0,0,0,0,0,0,0,0,0,0,0,0,0,0,0,0,0,0,0,0,0,0,0,0,0,0,0,0,0,0,0,0,0,0,0,0,0,0,0,0,0,0,0,0,0,0,0,0,0,0,0,0,0,0,0,0,0,0,0,0,0,0,0,0,0,0,0,0,0,0,0,0,0,0,0,0,0,0,0,0,0,0
Bloque,120,Deltas,0,0,0,0,0,0,0,0,0,0,0,0,0,0,0,0,0,0,0,0,0,0,0,0,0,0,0,0,0,0,0,0,0,0,0,0,0,0,0,0,0,0,0,0,0,0,0,0,0,0,0,0,0,0,0,0,0,0,0,0,0,0,0,0,0,0,0,0,0,0,0,0,0,0,0,0,0,0,0,0,0,0,0,0,0,0,0,0,0,0,0,0,0,0,0,0,0,0,0,0,0,0,0,0,0,0,0,0,0,0,0,0,0,0,0,0,0,0,0,0,0
Bloque,121,Deltas,0,0,0,0,0,0,0,0,0,0,0,0,0,0,0,0,0,0,0,0,0,0,0,0,0,0,0,0,0,0,0,0,0,0,0,0,0,0,0,0,0,0,0,0,0,0,0,0,0,0,0,0,0,0,0,0,0,0,0,0,0,0,0,0,0,0,0,0,0,0,0,0,0,0,0,0,0,0,0,0,0,0,0,0,0,0,0,0,0,0,0,0,0,0,0,0,0,0,0,0,0,0,0,0,0,0,0,0,0,0,0,0,0,0,0,0,0,0,0,0,0
Bloque,122,Deltas,0,0,0,0,0,0,0,0,0,0,0,0,0,0,0,0,0,0,0,0,0,0,0,0,0,0,0,0,0,0,0,0,0,0,0,0,0,0,0,0,0,0,0,0,0,0,0,0,0,0,0,0,0,0,0,0,0,0,0,0,0,0,0,0,0,0,0,0,0,0,0,0,0,0,0,0,0,0,0,0,0,0,0,0,0,0,0,0,0,0,0,0,0,0,0,0,0,0,0,0,0,0,0,0,0,0,0,0,0,0,0,0,0,0,0,0,0,0,0,0,0
Bloque,123,Deltas,0,0,0,0,0,0,0,0,0,0,0,0,0,0,0,0,0,0,0,0,0,0,0,0,0,0,0,0,0,0,0,0,0,0,0,0,0,0,0,0,0,0,0,0,0,0,0,0,0,0,0,0,0,0,0,0,0,0,0,0,0,0,0,0,0,0,0,0,0,0,0,0,0,0,0,0,0,0,0,0,0,0,0,0,0,0,0,0,0,0,0,0,0,0,0,0,0,0,0,0,0,0,0,0,0,0,0,0,0,0,0,0,0,0,0,0,0,0,0,0,0
Bloque,124,Deltas,0,0,0,0,0,0,0,0,0,0,0,0,0,0,0,0,0,0,0,0,0,0,0,0,0,0,0,0,0,0,0,0,0,0,0,0,0,0,0,0,0,0,0,0,0,0,0,0,0,0,0,0,0,0,0,0,0,0,0,0,0,0,0,0,0,0,0,0,0,0,0,0,0,0,0,0,0,0,0,0,0,0,0,0,0,0,0,0,0,0,0,0,0,0,0,0,0,0,0,0,0,0,0,0,0,0,0,0,0,0,0,0,0,0,0,0,0,0,0,0,0
Bloque,125,Deltas,0,0,0,0,0,0,0,0,0,0,0,0,0,0,0,0,0,0,0,0,0,0,0,0,0,0,0,0,0,0,0,0,0,0,0,0,0,0,0,0,0,0,0,0,0,0,0,0,0,0,0,0,0,0,0,0,0,0,0,0,0,0,0,0,0,0,0,0,0,0,0,0,0,0,0,0,0,0,0,0,0,0,0,0,0,0,0,0,0,0,0,0,0,0,0,0,0,0,0,0,0,0,0,0,0,0,0,0,0,0,0,0,0,0,0,0,0,0,0,0,0
Bloque,126,Deltas,0,0,0,0,0,0,0,0,0,0,0,0,0,0,0,0,0,0,0,0,0,0,0,0,0,0,0,0,0,0,0,0,0,0,0,0,0,0,0,0,0,0,0,0,0,0,0,0,0,0,0,0,0,0,0,0,0,0,0,0,0,0,0,0,0,0,0,0,0,0,0,0,0,0,0,0,0,0,0,0,0,0,0,0,0,0,0,0,0,0,0,0,0,0,0,0,0,0,0,0,0,0,0,0,0,0,0,0,0,0,0,0,0,0,0,0,0,0,0,0,0
Bloque,127,Deltas,0,0,0,0,0,0,0,0,0,0,0,0,0,0,0,0,0,0,0,0,0,0,0,0,0,0,0,0,0,0,0,0,0,0,0,0,0,0,0,0,0,0,0,0,0,0,0,0,0,0,0,0,0,0,0,0,0,0,0,0,0,0,0,0,0,0,0,0,0,0,0,0,0,0,0,0,0,0,0,0,0,0,0,0,0,0,0,0,0,0,0,0,0,0,0,0,0,0,0,0,0,0,0,0,0,0,0,0,0,0,0,0,0,0,0,0,0,0,0,0,0
Bloque,128,Deltas,0,0,0,0,0,0,0,0,0,0,0,0,0,0,0,0,0,0,0,0,0,0,0,0,0,0,0,0,0,0,0,0,0,0,0,0,0,0,0,0,0,0,0,0,0,0,0,0,0,0,0,0,0,0,0,0,0,0,0,0,0,0,0,0,0,0,0,0,0,0,0,0,0,0,0,0,0,0,0,0,0,0,0,0,0,0,0,0,0,0,0,0,0,0,0,0,0,0,0,0,0,0,0,0,0,0,0,0,0,0,0,0,0,0,0,0,0,0,0,0,0
Bloque,129,Deltas,-2,4,-3,0,-1,-1,-1,-1,1,-2,2,-5,4,-2,1,1,0,-4,-5,0,-1,0,-7,2,-2,4,-4,-2,-1,0,-5,1,-2,0,1,-1,1,2,-2,0,4,0,0,0,1,3,0,2,2,-7,4,3,-1,-1,-1,-3,-1,-2,-1,-2,-3,-1,3,-2,-2,-1,-1,0,-2,0,-1,-2,-4,1,0,0,0,1,2,1,1,0,0,0,0,-2,0,-2,0,0,0,0,-1,-2,-1,-1,0,-2,0,-2,-2,-1,-1,-1,-1,-2,-1,0,-2,0,-1,-1,-1,-1,0,0,0,1,-2,0,-3
Bloque,130,Deltas,-1,-2,0,-3,0,-1,-1,-2,3,0,0,0,-1,0,-3,-1,0,-2,0,1,0,0,3,0,1,-4,-3,-2,-2,3,-1,0,0,0,0,0,-1,3,0,0,0,0,0,0,-1,0,0,0,2,0,0,0,0,0,0,-1,1,1,1,-1,0,0,0,0,0,0,0,1,1,3,-3,0,0,0,0,0,0,0,0,0,0,0,0,0,0,0,0,0,-2,0,0,0,0,0,0,0,0,0,0,-1,0,0,0,0,0,0,0,0,0,0,0,0,0,0,0,0,0,0,0,0,0
Bloque,131,Deltas,1,2,-6,1,0,0,0,-1,1,6,-2,1,3,-2,0,-2,0,-1,-4,-3,-1,-2,1,3,2,-3,-5,2,2,-1,-4,0,1,0,0,-2,-1,2,0,3,-4,-2,2,1,0,0,-1,0,-2,3,1,-1,-4,2,1,0,0,-1,0,-1,2,1,-2,0,0,1,0,0,-1,-1,3,0,0,0,-1,2,1,0,0,1,-1,-1,1,-1,-1,0,1,0,0,0,0,-2,-1,0,-1,-1,0,2,0,0,0,-2,0,0,-1,-1,-1,0,1,0,0,0,-1,2,2,-2,-2,-1,0,1,0
Bloque,132,Deltas,-1,0,1,-4,-1,0,-1,0,-2,-1,3,0,2,0,-3,-1,0,-1,0,1,0,3,4,3,-1,-3,-1,0,-1,2,4,-5,1,0,0,1,-1,0,0,-1,2,-1,-1,1,0,0,1,-1,0,0,-1,0,0,0,0,0,0,1,-1,0,0,0,1,-3,-2,1,0,0,1,-1,0,0,-1,0,0,0,0,0,0,0,0,0,0,0,0,0,0,0,0,0,0,0,0,0,0,0,0,0,0,0,0,0,0,0,0,0,0,0,0,0,0,0,0,0,0,0,0,0,0,0,0
Bloque,133,Deltas,0,0,2,0,2,0,1,-2,0,-2,-1,-3,1,2,0,-1,-6,6,1,2,-1,-1,0,0,2,-1,-2,-3,7,4,0,1,0,0,-1,2,-1,-2,-2,2,0,-1,3,1,1,-1,0,0,0,0,-1,0,0,1,2,0,0,-1,1,-3,-1,0,0,0,0,0,-1,2,-1,0,-2,-1,-1,0,0,0,0,0,0,0,0,-2,0,0,0,0,0,-1,0,0,0,0,0,0,0,0,0,0,-2,0,0,0,0,0,0,0,0,0,1,-1,0,0,0,0,0,0,0,0,-1,0,7
Bloque,134,Deltas,-1,0,-2,-3,-2,2,4,0,-4,-1,-1,-2,-1,-4,-5,6,5,-2,3,2,-2,-1,-3,0,3,1,1,3,1,3,2,1,1,1,2,1,0,-1,-2,0,-1,-5,0,0,1,0,0,-1,-1,-2,-1,-1,-2,0,0,-1,-1,0,-2,-1,-1,-1,-1,0,0,0,0,0,-1,-1,0,-2,-1,-1,-1,0,0,-1,0,0,0,0,0,0,0,0,0,0,-2,1,0,0,0,0,0,0,0,0,0,-4,3,1,2,1,0,0,0,0,0,0,-6,-4,-2,-2,-1,-1,0,0,0,0,0
Bloque,135,Deltas,-1,-2,-2,-1,0,2,-1,-2,-2,-4,-1,-1,-1,1,0,-1,-3,4,2,1,0,-2,1,1,-1,-1,0,0,1,2,0,-1,0,0,0,0,0,0,0,0,0,0,0,0,0,0,0,0,0,0,0,0,0,0,0,0,0,0,0,0,0,0,0,0,0,0,0,0,0,0,0,0,0,0,0,0,0,0,0,0,0,0,0,0,0,0,0,0,0,0,0,0,0,0,0,0,0,0,0,0,0,0,0,0,0,0,0,0,0,0,0,0,0,0,0,0,0,0,0,0,0
Bloque,136,Deltas,0,1,-1,-2,-1,-2,-5,-1,-1,-2,-1,1,0,-1,-2,0,2,1,1,2,1,1,0,-3,1,0,1,1,-2,-1,-1,-1,-1,0,0,0,-1,0,0,-1,-1,1,0,-1,0,0,0,0,0,0,0,0,0,-1,-1,0,0,0,0,0,0,0,0,0,0,0,0,0,0,0,0,0,0,0,0,0,0,0,0,0,0,0,0,0,0,0,0,0,0,0,0,0,0,0,0,0,0,0,0,0,0,0,0,0,0,0,0,0,0,0,0,0,0,0,0,0,0,1,0,0,0
Bloque,137,Deltas,0,0,0,0,0,0,0,0,2,1,-3,0,0,0,0,0,0,0,0,-1,0,0,0,0,0,0,0,0,0,0,3,1,-1,1,0,0,0,0,0,0,0,0,0,0,0,0,0,0,0,0,0,0,0,0,0,0,0,0,0,0,0,0,0,0,0,0,0,0,0,0,0,0,0,0,0,0,0,0,0,0,0,0,0,0,0,0,0,0,0,0,0,0,0,0,0,0,0,0,0,0,0,0,0,0,0,0,0,-1,-1,0,0,0,0,0,0,0,0,0,-1,-1,1
Bloque,138,Deltas,-3,0,0,0,0,-1,-2,-1,-1,0,0,0,0,0,0,0,-1,-1,-1,-1,0,0,-3,-1,0,0,0,-1,-1,-1,-2,0,0,0,0,0,0,0,0,0,0,0,0,0,0,0,0,0,0,0,0,0,0,0,0,0,0,0,0,0,0,0,0,0,0,0,0,0,0,0,0,0,0,0,0,0,0,0,0,0,0,0,0,0,0,0,0,0,0,0,0,0,0,0,0,0,0,0,0,0,0,0,0,0,0,0,0,0,0,0,0,0,0,0,0,0,0,0,0,0,0
Bloque,139,Deltas,0,0,0,-1,2,-1,0,2,-3,-2,-3,0,0,0,-1,1,-1,-1,-4,-5,3,0,0,0,0,-1,2,-1,-2,2,-2,-4,-2,0,0,3,-1,-2,0,1,-1,-2,1,1,0,0,3,-1,-2,0,1,-1,-1,1,0,0,0,2,-2,-2,0,1,-2,-1,1,-1,0,0,2,-1,-3,0,1,-2,-1,1,-2,0,0,1,-1,0,-3,1,0,0,0,1,0,0,1,-1,0,-2,0,1,1,2,0,0,0,2,-2,0,-3,-2,4,0,0,-1,0,0,1,-1,0,-3,-4,6,0,0,-1
Bloque,140,Deltas,4,-3,0,0,0,0,0,-3,-2,-3,-1,-1,0,0,0,0,0,0,0,4,0,0,3,-2,0,0,-1,0,0,1,1,-3,0,0,-1,-2,1,1,1,1,-1,1,0,-3,0,-1,-1,1,1,1,1,0,0,0,-2,-2,0,0,1,1,1,2,0,-1,2,2,-2,0,1,1,1,2,1,-3,0,2,-3,3,3,2,0,0,0,0,1,-3,-1,0,2,3,0,0,0,0,0,1,0,0,0,1,1,-1,0,0,0,0,-2,0,1,1,0,0,-1,0,0,0,0,0,-2,-1,3
Bloque,141,Deltas,-1,-1,8,3,-7,-3,-5,1,4,-3,0,-4,1,3,0,-8,-2,5,1,-9,5,-6,4,-5,0,0,-11,0,5,-3,-6,3,-4,2,4,0,0,-5,1,3,0,-3,-3,-1,-4,3,2,1,-5,0,5,-1,-7,-9,2,-5,-2,2,2,-7,-1,8,0,0,-2,-7,-1,-3,-1,1,-4,-1,9,-3,2,-2,-10,-3,-4,0,-1,-6,-1,8,-1,1,-1,-6,2,0,0,-3,-7,-1,9,-1,-6,-7,6,-1,0,-1,1,-7,-3,12,-2,-2,-3,6,1,2,-2,0,-7,-3,11,-2,0,1,0
Bloque,142,Deltas,5,-5,-4,2,1,-2,0,0,1,5,3,3,3,-8,9,-8,4,-8,7,-4,6,3,2,0,-7,9,-7,6,-7,7,-6,6,2,5,5,-7,1,0,-1,-2,-1,-1,7,5,5,2,-5,3,-1,1,1,2,1,5,3,8,5,-7,0,1,-1,-1,-1,-1,5,9,11,4,-6,2,-2,0,0,0,0,10,8,0,1,-3,2,-2,0,0,0,0,-1,-2,5,1,-2,3,-2,0,0,0,0,0,3,5,0,-1,0,0,0,0,0,0,3,2,1,0,0,-1,-2,0,0,0,0,0,0
Bloque,143,Deltas,-8,4,-2,1,-1,0,-1,5,-1,-4,1,-8,5,-7,7,-4,4,-11,7,4,-4,3,-8,5,-7,2,1,1,-4,9,-2,-3,2,-11,2,1,-4,-1,6,7,-6,-1,6,-4,-3,5,0,2,1,3,2,-3,-6,6,1,4,-1,2,2,-4,0,-4,-1,-7,3,4,-1,-2,-2,0,-2,-1,-3,-1,-8,2,6,-1,0,-1,1,2,-1,0,0,-9,-2,9,0,-3,0,2,1,-2,-1,-1,-5,-1,5,0,0,-1,-1,-1,-2,0,0,0,0,-2,1,0,0,0,0,-1,-5,-1,1,1,-7
Bloque,144,Deltas,-3,4,2,0,0,-2,0,0,-1,0,0,-4,8,3,-1,1,0,0,0,-3,0,1,-2,7,0,-3,1,0,0,0,-3,-1,2,-1,5,4,0,0,0,0,0,0,0,1,-4,1,2,0,0,0,0,0,0,1,-1,-3,0,0,0,0,0,0,0,0,0,1,-3,0,-1,0,0,0,0,0,0,0,0,-2,-2,1,0,0,0,0,0,0,0,0,0,0,1,-1,0,0,0,0,0,0,0,0,-2,-1,0,0,0,0,1,1,-1,-3,2,0,0,0,0,0,0,1,1,-2,0
Bloque,145,Deltas,0,-1,1,-3,3,-1,-2,0,-2,0,0,-1,-1,-1,-3,5,-2,-3,0,-4,-1,-1,-2,-1,-1,-2,6,-3,1,0,-3,-1,1,-4,-1,-3,2,-2,-4,2,0,1,2,0,0,-2,1,4,4,-4,0,3,4,2,1,1,2,1,2,0,-2,0,0,0,-1,-5,0,4,-3,0,3,-4,0,4,5,1,7,3,-5,4,-3,2,2,6,6,-7,4,-8,-2,-6,4,-4,-2,5,1,8,-1,-11,-15,2,-3,4,-8,-9,-12,3,3,4,10,-11,-4,6,4,-22,-21,-8,5,-4,7,36,14
Bloque,146,Deltas,-2,-3,3,-11,-17,-3,-15,5,6,2,5,0,-2,5,-17,-23,-1,-14,-13,-9,6,4,0,2,2,-7,-7,30,-1,-12,17,-7,-24,1,1,1,-2,23,32,-31,37,-11,13,45,5,-4,-3,-4,10,21,-52,23,-25,8,32,5,5,2,-3,3,-29,10,0,-21,18,12,4,-6,2,-9,-20,-16,24,4,-4,14,20,-1,-15,-9,0,-20,-32,6,14,-12,-11,-8,2,3,-4,-9,-4,-18,-11,-21,-13,-17,-18,17,14,-5,-2,1,-2,1,-1,-7,-5,1,-17,4,5,-1,-1,-1,-3,8,-5,4,4
Bloque,147,Deltas,-20,-26,36,25,-16,-20,2,38,28,5,0,-13,-1,-4,-2,3,2,-2,18,-7,19,0,-8,4,-28,-4,26,1,-24,27,2,-7,0,10,-14,-2,-11,-9,4,-3,-17,40,0,5,11,1,-38,14,-20,19,13,-29,38,11,5,-31,7,-18,8,-22,6,16,-3,4,29,7,-1,7,19,-2,-30,-33,50,49,-19,18,6,19,10,9,12,-11,-33,21,27,3,4,1,-13,-12,5,-3,2,3,3,-6,-7,1,2,2,7,-5,-2,0,-1,-2,-1,1,3,0,0,-4,-7,2,-2,4,-1,1,-6,-8,2
Bloque,148,Deltas,0,0,0,0,0,0,0,0,0,0,0,0,0,0,0,0,0,0,0,0,0,0,-1,0,0,0,0,0,0,0,0,0,0,0,1,-1,0,0,1,1,2,-1,1,0,1,-1,0,3,1,0,-1,-3,0,-2,-1,-2,0,0,-1,0,1,2,0,2,0,1,-1,-3,1,1,1,0,0,0,-2,0,-1,0,-1,2,-2,-1,-1,-1,0,0,0,0,-1,0,0,1,1,2,1,-2,-1,-1,-1,-2,0,0,-1,-1,-2,-1,-2,-1,-1,-1,0,-4,0,0,0,0,0,0,0,0,0
Bloque,149,Deltas,0,0,0,0,0,0,0,0,0,0,0,0,0,0,0,-1,0,0,0,0,0,-2,0,0,0,-3,0,-3,0,0,0,0,4,0,2,-3,5,0,2,0,0,0,1,-6,-1,0,1,-1,-1,1,0,0,1,3,-1,-1,2,0,-1,0,0,0,0,-1,0,-4,1,-3,1,0,0,0,0,0,2,3,-1,0,0,0,0,0,0,0,0,0,0,0,0,0,0,0,0,0,0,0,0,0,0,0,0,0,0,0,0,0,0,-4,-2,2,0,0,0,-1,0,0,0,0,2,1,-1
Bloque,150,Deltas,0,0,0,0,0,0,0,0,0,0,0,0,0,0,0,0,0,0,0,0,0,0,0,0,0,0,0,-2,0,0,0,0,-3,-1,-1,0,2,-3,1,2,-1,0,0,3,0,-1,0,2,-3,4,-4,-1,1,0,0,-2,-1,0,3,-3,5,-2,-1,2,0,0,0,-1,0,3,-2,1,3,-2,0,0,0,-1,0,0,0,0,2,-1,1,-2,0,0,-1,0,0,0,0,-1,-2,1,1,0,0,2,0,0,0,0,-2,0,0,2,0,0,-2,0,0,0,0,0,3,-3,-1,0,0
Bloque,151,Deltas,0,0,0,0,0,0,0,0,0,0,0,-1,0,0,0,-1,0,1,1,0,0,0,2,0,0,0,-1,0,1,1,0,0,0,-2,1,1,1,1,0,1,2,-2,-2,0,1,1,1,1,2,1,2,1,-4,-1,0,0,0,0,0,0,0,-3,1,0,0,0,0,0,0,0,0,0,-2,0,-2,2,0,0,0,0,0,0,0,0,-1,-1,0,-3,0,0,0,0,0,0,0,-2,-1,0,-1,0,0,0,0,0,0,0,-2,-1,0,-2,0,0,0,0,0,0,0,-1,-1,0,0
Bloque,152,Deltas,0,0,0,0,0,0,0,0,0,0,0,0,0,0,-1,0,0,0,0,1,0,0,0,0,0,-4,-2,0,0,0,-2,0,2,0,0,0,3,3,0,0,-1,3,2,-1,0,0,0,0,2,2,-3,0,0,2,0,0,0,0,-1,-1,1,-2,0,0,1,1,0,0,0,0,1,0,0,-1,3,0,0,1,0,0,-2,0,-1,2,1,-1,1,-2,0,-1,1,0,1,-2,1,1,-1,0,-1,2,0,-3,-1,1,-2,0,1,-1,-1,0,1,-1,-2,0,1,0,-1,1,-1,-2,-1
Bloque,153,Deltas,0,0,0,0,0,0,0,0,0,0,0,0,0,-1,-1,-1,0,0,0,1,0,0,0,0,-1,-3,-3,0,1,0,2,0,0,-2,-3,-1,2,5,1,-4,0,-1,0,-3,1,-2,-1,0,0,0,3,-1,-1,-2,-1,-1,-3,-1,-2,-1,-1,1,0,0,1,0,-1,0,0,0,0,-1,0,1,-3,0,0,-4,-2,0,2,0,-2,-4,2,1,-1,-1,-1,-1,0,0,0,0,-1,-1,1,0,-2,-1,-1,-1,-2,1,-1,3,-2,-2,2,0,0,-1,-1,-1,1,0,-1,-2,0,0,1
Bloque,154,Deltas,0,0,0,0,0,0,0,0,0,0,0,0,0,0,1,1,1,1,0,0,0,0,0,0,0,1,1,1,1,0,0,0,0,-1,-1,-1,-1,0,-1,0,2,1,-3,-1,-1,0,1,1,-2,-1,0,1,1,-1,-1,-3,-1,1,0,1,0,-1,0,0,1,0,0,1,0,0,2,-1,-2,-1,0,-3,-1,0,-2,2,0,-3,2,-3,0,-1,-2,-2,0,1,0,-1,0,2,-1,0,0,-5,-2,-1,-3,-2,-1,0,2,0,2,-2,-2,0,-2,-3,2,-7,0,1,1,-2,0,2,1
Bloque,155,Deltas,0,0,0,0,0,0,0,0,0,0,0,0,0,0,0,0,0,0,0,0,0,0,0,0,0,0,-1,0,0,0,-1,0,0,1,2,0,1,-1,-1,0,1,2,-1,2,2,-2,-2,-2,1,0,0,1,-2,1,-1,-1,-3,-3,0,-1,1,1,-2,-2,-1,1,-4,-2,1,0,0,-2,-1,3,-1,-1,0,1,-4,-2,2,-1,-1,-1,0,-1,1,4,0,0,1,-2,0,1,2,-1,1,-3,0,0,0,3,-3,-1,1,1,0,0,-1,-1,-1,1,4,1,-2,-2,0,-3,2,-2,-3
Bloque,156,Deltas,0,0,0,0,0,0,0,0,0,0,0,0,0,0,0,0,0,0,0,0,0,0,0,0,0,0,0,0,0,0,0,0,0,-1,-1,0,1,-1,1,0,-2,1,-1,0,-3,4,-1,-1,0,-2,-1,0,0,3,-2,-1,2,-4,0,2,0,1,-2,2,0,0,-1,-1,2,0,-1,0,-1,-1,1,1,2,1,-2,0,-1,1,1,-1,-1,-3,2,1,0,0,1,1,-1,-2,1,-1,-2,1,-1,0,0,-2,-1,-2,-3,-1,2,1,-1,-2,-1,1,0,0,1,1,0,3,-4,-2,1
Bloque,157,Deltas,0,0,0,0,0,0,0,0,0,0,0,0,0,0,0,0,-2,1,1,0,0,0,0,0,0,0,0,-4,1,1,0,0,0,-1,0,3,0,0,1,2,1,-1,-1,-1,-5,0,1,-1,-2,-1,2,1,-3,-2,0,0,-3,-7,0,-2,1,1,0,-2,-1,2,1,-1,-4,2,-4,3,2,0,0,0,0,0,0,-1,0,-1,-1,-1,-1,0,1,-2,-2,-1,1,-1,-1,-1,-1,-1,0,1,0,-5,-4,1,0,0,0,0,0,-1,0,0,0,-2,-1,4,1,1,1,1,-1,0,-3
Bloque,158,Deltas,0,0,0,0,0,0,0,0,0,0,0,0,1,1,-1,-1,-2,-1,-1,-1,0,0,0,1,1,-1,-1,-3,-1,-1,-1,-1,-1,-1,0,0,1,1,2,-1,0,0,1,1,0,0,0,1,1,-1,-1,0,0,0,0,1,0,0,0,0,0,0,0,0,0,0,0,0,0,0,0,0,0,0,0,0,0,0,0,0,0,0,0,0,0,0,0,0,2,0,0,0,0,0,0,0,0,0,0,1,0,0,0,0,0,0,0,0,0,0,-2,0,0,0,0,0,0,0,0,0,0
Bloque,159,Deltas,0,0,0,0,0,0,0,0,0,0,0,0,0,0,0,0,0,0,0,0,0,0,0,0,0,0,0,0,0,0,0,0,0,-1,-1,0,0,0,0,0,0,-1,-1,2,-1,-1,0,0,0,0,0,0,-1,-1,-3,0,0,0,0,0,0,-1,-1,0,0,-4,0,0,0,0,0,0,-1,-1,0,0,1,0,0,0,0,0,0,0,0,0,0,0,0,0,0,0,0,0,2,1,0,-3,0,0,0,0,0,0,0,0,0,0,-1,0,0,0,0,0,0,0,-2,-1,2,2,1
Bloque,160,Deltas,0,0,0,0,0,0,0,0,0,0,0,0,0,0,0,0,0,0,0,0,0,0,0,1,0,0,0,0,0,0,0,0,0,1,-4,1,-3,1,-1,-2,0,0,0,0,2,2,1,-2,0,-2,-1,0,0,0,0,1,-1,-1,-1,-1,-4,0,0,0,-1,-1,1,-4,-1,-1,-1,-3,1,0,0,-1,-1,0,-3,-2,0,-1,-1,-1,0,0,1,1,0,-2,-2,1,0,-1,-1,0,0,1,1,0,0,0,1,-1,-2,-1,-1,-1,0,0,1,1,1,0,-1,-1,-1,-1,0,0,0
Bloque,161,Deltas,0,0,0,0,0,0,0,0,0,0,0,0,0,0,0,0,0,0,0,0,0,0,0,0,0,0,0,0,0,0,0,0,0,0,0,0,0,0,0,0,0,0,0,0,0,0,0,0,0,0,0,0,0,0,0,0,0,0,0,0,0,0,0,0,0,0,0,0,0,0,0,0,0,0,0,0,0,0,0,0,0,0,0,0,0,0,0,0,0,0,0,0,0,0,0,0,0,0,0,0,0,0,0,0,0,0,0,0,0,0,0,0,0,0,0,0,0,0,0,0,0
Bloque,162,Deltas,0,0,0,0,0,0,0,0,0,0,0,0,0,0,0,0,0,0,0,0,0,0,0,0,0,0,0,0,0,0,0,0,0,0,0,0,0,0,0,0,0,0,0,0,0,0,0,0,0,0,0,0,0,0,0,0,0,0,0,0,0,0,0,0,0,0,0,0,0,0,0,0,0,0,0,0,0,0,0,0,0,0,0,0,0,0,0,0,0,0,0,0,0,0,0,0,0,0,0,0,0,0,0,0,0,0,0,0,0,0,0,0,0,0,0,0,0,0,0,0,0
Bloque,163,Deltas,0,0,0,0,0,0,0,0,0,0,0,0,0,0,0,0,0,0,0,0,0,0,0,0,0,0,0,0,0,0,0,0,0,0,0,0,0,0,0,0,0,0,0,0,0,0,0,0,0,0,0,0,0,0,0,0,0,0,0,0,0,0,0,0,0,0,0,0,0,0,0,0,0,0,0,0,0,0,0,0,0,0,0,0,0,0,0,0,0,0,0,0,0,0,0,0,0,0,0,0,0,0,0,0,0,0,0,0,0,0,0,0,0,0,0,0,0,0,0,0,-1
Bloque,164,Deltas,0,0,0,0,0,0,0,0,0,0,0,0,0,0,0,0,0,0,0,0,0,0,0,0,0,0,0,0,0,0,0,0,0,0,0,0,0,0,0,0,0,0,0,0,0,0,0,0,0,0,0,0,0,0,0,0,0,0,0,0,0,0,0,0,0,0,0,0,0,0,0,0,0,0,0,0,0,0,0,0,0,0,0,0,0,0,0,0,0,0,0,0,0,0,0,2,0,-1,0,0,0,0,0,0,0,0,-1,0,0,0,0,0,0,0,0,0,-1,-1,-1,-1,-1
Bloque,165,Deltas,0,0,0,0,0,0,0,0,0,2,2,0,0,0,0,0,0,-1,0,2,0,-1,0,0,0,0,0,-1,0,0,0,0,0,0,0,0,0,0,0,0,0,0,0,0,0,0,0,0,0,0,0,0,0,0,0,0,0,0,0,0,0,0,0,0,0,0,0,0,0,0,0,0,0,0,0,0,0,0,0,0,0,0,0,0,0,0,0,0,0,1,0,1,-2,0,0,0,0,0,0,0,0,-2,0,0,0,0,0,0,0,0,0,0,-2,0,1,1,1,1,0,0,0
Bloque,166,Deltas,2,-2,-6,-1,0,0,0,0,0,0,0,7,-2,-5,-1,0,0,0,0,0,0,0,0,-1,0,0,0,1,0,0,0,0,0,0,0,0,0,0,0,0,0,0,0,0,0,0,0,0,0,0,0,0,0,0,0,0,0,0,0,0,0,0,0,0,0,0,0,0,0,0,0,0,0,0,0,0,0,0,0,0,0,0,0,0,0,0,0,0,0,0,0,0,0,0,0,0,0,0,0,0,0,0,0,0,0,0,0,0,0,0,0,0,0,0,0,0,0,0,0,0,0
Bloque,167,Deltas,0,0,0,0,0,0,0,0,0,0,0,0,0,0,0,0,0,0,0,0,0,0,0,0,0,0,0,0,0,0,0,0,0,0,0,0,0,0,0,0,0,0,0,0,0,0,0,0,0,0,0,0,0,0,0,0,0,0,0,0,0,0,0,0,0,0,0,0,0,0,0,0,0,0,0,0,0,0,0,0,0,0,0,0,0,0,0,0,0,0,0,0,0,0,0,0,0,0,0,0,0,0,0,0,0,0,0,0,0,0,0,0,0,0,0,0,0,0,0,0,0
Bloque,168,Deltas,0,0,0,0,0,0,0,0,0,0,0,0,0,0,0,0,0,0,0,0,0,0,0,0,0,0,0,0,0,0,0,0,0,0,0,0,0,0,0,0,0,0,0,0,0,0,0,0,0,0,0,0,0,0,0,0,0,0,0,0,0,0,0,0,0,0,0,0,0,0,0,0,0,0,0,0,0,0,0,0,0,0,0,0,0,0,0,0,0,0,0,0,0,0,0,-1,0,0,-1,0,0,0,0,0,0,0,2,-1,-1,1,0,0,0,0,0,0,0,-1,1,1,-1
Bloque,169,Deltas,0,0,0,0,0,0,-1,0,0,-1,-2,0,0,0,0,0,0,0,0,0,0,0,0,0,0,0,0,0,0,-1,-2,2,2,0,0,0,0,0,-1,0,1,1,-2,-2,0,0,0,-1,-3,2,1,-1,-2,0,-3,2,-2,-2,1,1,1,-2,-2,0,2,-1,-1,1,1,0,-1,-4,0,2,0,-4,0,0,2,0,-8,0,0,0,0,1,0,0,3,-3,-2,2,1,-1,-2,1,0,0,0,1,-2,-2,1,1,-5,-5,1,0,0,0,0,-1,-1,0,1,-5,-4,1,1,1,0
Bloque,170,Deltas,0,2,-1,-3,-2,0,0,0,0,0,0,0,-2,-4,-1,4,0,0,0,0,0,0,-2,-4,0,3,0,0,0,0,0,0,0,1,1,1,-1,-3,0,0,0,0,0,0,2,0,0,0,-1,1,-1,-1,1,0,-1,-2,-1,0,0,0,-1,1,1,-1,0,-3,3,-2,-1,1,2,-1,1,2,-1,0,-3,-2,-3,-2,0,3,1,-1,-1,1,-2,1,0,1,-1,-2,2,0,0,-1,-2,-4,-2,0,-2,2,1,-2,0,0,-2,-3,-1,-1,0,-1,1,1,-2,0,0,-1,-3,-2,-2
Bloque,171,Deltas,0,0,2,-1,1,1,-1,1,1,-1,-1,0,0,2,-1,1,1,-1,1,1,-1,-1,0,0,3,-1,2,1,-2,2,1,-1,-1,0,0,2,0,1,2,-1,1,1,-1,-1,-1,6,0,-1,1,3,1,-1,-1,0,0,1,5,-3,-1,2,5,0,-2,-2,0,0,-1,6,-4,-1,2,5,-1,0,0,-1,0,-4,7,0,0,1,2,-1,1,2,-1,0,-2,3,7,-3,1,5,1,0,-3,-1,0,-3,0,3,-1,3,6,-2,2,0,-1,0,-2,1,-3,-4,3,4,-2,3,0,-3,0
Bloque,172,Deltas,-1,0,0,0,0,0,0,-1,0,-4,-1,-1,0,0,0,0,0,0,0,0,0,-1,-1,0,0,0,0,0,0,-1,0,0,1,-1,0,0,0,0,0,0,1,-1,-1,1,0,0,0,0,0,0,0,1,1,0,2,0,0,0,0,0,0,0,2,1,0,2,0,0,0,0,0,0,0,0,1,1,2,0,0,0,0,0,0,0,0,0,-2,2,-1,-2,0,-1,2,2,0,-3,-2,0,1,0,0,0,1,-5,-5,-2,1,4,1,4,1,0,-2,-3,-2,-1,2,2,1,4,-2
Bloque,173,Deltas,0,1,0,0,-5,-3,7,0,-1,0,-1,-3,0,1,1,-6,-5,6,0,-3,0,-1,-1,-1,0,1,-4,-5,6,0,-2,-1,-2,0,-1,2,0,-4,-4,4,1,-3,-2,-3,1,-3,1,1,-3,-5,6,-1,-3,2,4,0,-2,0,0,-3,-4,2,4,-2,-3,-3,0,-4,0,2,4,4,-3,-5,-4,1,-1,6,-3,1,1,-1,-1,-7,3,-1,4,2,-1,5,2,-5,-2,2,-5,1,0,-1,0,0,-3,-6,1,-5,3,-4,-5,2,0,1,-7,-1,-1,-1,1,-2,0,2,3,-3,-2
Bloque,174,Deltas,0,0,0,0,0,0,0,0,0,0,0,4,0,0,0,0,0,0,0,0,0,0,0,0,0,0,0,0,0,0,0,0,0,2,0,0,0,0,0,0,0,0,0,0,1,0,0,0,0,0,0,0,0,0,0,-3,0,0,0,0,0,0,0,0,0,0,1,0,0,0,0,0,0,0,0,0,0,-4,0,0,0,0,0,0,0,0,0,0,-2,0,0,0,0,0,0,0,0,0,0,-1,0,0,0,0,0,0,0,0,0,0,-2,0,0,0,0,0,0,0,0,0,0
Bloque,175,Deltas,0,0,0,0,0,0,0,0,0,0,1,0,0,0,0,0,0,0,0,0,0,1,0,0,0,0,-1,-4,2,-1,0,0,0,0,0,0,0,-1,-2,1,1,0,0,0,0,0,0,0,0,0,-2,0,0,0,0,0,0,0,0,-2,-1,-1,-1,0,0,0,0,0,0,0,-1,0,0,0,0,0,0,0,0,0,0,2,0,0,1,0,0,0,0,0,0,0,1,2,2,1,2,7,7,0,0,0,0,1,1,-8,5,4,1,-14,0,0,0,0,0,0,-10,0,2,-2,-30
Bloque,176,Deltas,1,1,1,4,-6,5,3,0,1,1,-1,1,1,1,-4,-5,-5,-8,-5,-2,1,1,0,0,0,12,11,7,8,7,1,-1,0,0,0,0,17,15,13,15,20,25,9,5,0,0,0,6,11,-4,-1,2,29,21,-1,0,0,0,-23,-11,-8,-10,-7,10,17,-3,0,0,0,9,-37,-19,-17,-18,-13,-12,1,0,0,0,45,1,4,10,-49,-53,19,2,26,14,-18,-1,-4,30,55,10,-31,16,-1,8,20,39,32,13,7,34,14,6,-13,-14,-26,-17,-18,-11,-9,-15,-14,-15,-3,6,-2
Bloque,177,Deltas,2,-2,8,-1,-27,-23,-28,-29,-12,-9,6,-2,4,-6,11,7,1,-11,-20,-41,-5,-13,1,2,16,21,30,36,17,1,-41,-26,1,-3,-15,4,33,36,43,51,20,-6,8,-8,10,-30,-32,-19,-16,-7,10,16,-8,-7,-4,29,-9,-10,-13,-19,-9,4,-10,-19,0,4,24,2,-1,6,6,-13,-10,3,11,-6,-1,19,6,-1,13,-11,-14,7,5,-4,0,5,27,5,-2,4,3,-7,0,3,0,-2,-3,3,-4,0,1,-6,1,-1,-2,0,0,-2,-4,3,-1,-8,1,0,-2,-5,-4,-6,3
Bloque,178,Deltas,-2,16,8,-2,6,10,4,1,1,-7,-5,-3,2,4,4,3,0,-7,-6,0,0,-4,12,5,2,-7,-2,-2,-1,2,-2,-3,-3,-7,10,2,0,0,5,-6,3,-2,-9,1,-3,3,2,-8,0,0,-8,-5,7,0,1,0,-3,0,1,-3,4,2,-1,1,4,-1,-1,4,-5,-2,4,-2,-1,1,1,2,1,5,-1,3,0,-8,3,-1,0,-1,-2,-1,-2,3,-2,-3,4,-2,-3,-2,-1,-1,-1,5,0,1,1,-4,6,6,2,2,0,0,0,2,-1,-2,0,-2,-1,4,5,5,7
Bloque,179,Deltas,-2,-1,-2,1,-4,-1,-3,-5,2,-6,0,-1,-3,-4,-4,0,-2,-2,2,4,3,-1,-4,-2,0,-1,0,2,3,1,0,0,0,1,0,2,2,0,2,1,-3,-3,0,0,2,-1,2,2,0,0,0,-4,1,-3,-2,-2,0,2,1,-1,0,0,-1,0,2,-1,1,0,1,0,0,0,0,0,-1,1,3,-1,-1,-1,0,0,0,0,1,3,-4,0,-2,0,0,0,1,0,-1,0,-2,0,-2,1,-1,-1,0,3,1,0,0,-5,-6,-2,7,4,2,4,0,0,0,-9,-5,4,2
Bloque,180,Deltas,3,0,-2,4,-1,0,1,-1,0,-1,1,0,0,-7,-2,6,3,-1,0,0,1,0,1,1,-1,-6,2,4,-2,1,1,1,0,-1,0,1,2,-5,1,1,0,0,-1,-2,0,0,-2,0,-1,-1,3,1,0,0,-2,1,1,0,3,0,1,-4,-5,-1,5,2,-1,1,2,-3,1,1,-8,-2,5,0,1,1,-3,-1,0,0,-11,-1,4,-2,2,0,-4,-1,1,3,-6,-2,3,-3,1,-1,-1,-2,-1,0,-3,-4,7,-3,-2,1,-1,-2,2,-1,-2,-4,7,1,-1,-2,1,-1,-2
Bloque,181,Deltas,0,1,1,-3,0,0,-1,-1,-1,-1,-1,-1,0,0,-1,1,0,-2,-1,-1,-1,-1,-1,-2,2,-1,1,0,-1,-1,-1,-2,-1,0,1,2,-2,0,0,-1,-1,-1,-1,-1,2,-1,1,-3,0,0,0,0,0,0,0,-1,-1,2,-2,0,0,0,0,0,0,0,0,-1,3,-3,0,0,0,0,0,0,0,0,1,0,-2,0,0,0,0,0,0,0,-1,2,-1,-2,1,2,-1,0,0,0,0,1,0,1,-2,1,2,-2,0,0,0,0,2,-1,0,-1,1,2,-1,0,0,0,0
Bloque,182,Deltas,-1,-2,0,2,0,-1,-1,-1,0,-1,-1,-1,0,1,0,-4,-1,-1,-1,0,-1,-1,-1,-4,0,1,0,-1,-1,0,1,-1,0,-2,0,1,0,-2,-1,-1,0,1,0,-2,0,0,0,0,0,0,0,0,0,1,-1,0,0,0,0,0,0,0,0,0,-1,-3,0,0,0,0,0,0,0,0,0,-1,-3,0,0,0,0,0,0,0,0,0,1,-1,0,0,0,0,0,0,0,0,0,0,1,0,0,0,0,0,0,0,0,0,-1,0,0,0,0,0,0,0,0,0,0,0,1
Bloque,183,Deltas,0,4,-2,-1,0,0,0,-2,-4,-1,-2,0,1,-1,-1,-3,2,1,-3,-3,0,-2,1,2,0,-1,-1,2,2,-1,-1,0,-3,0,2,-1,0,0,0,0,1,-1,-1,-1,-3,0,0,1,1,1,-2,1,-1,1,-1,-2,0,0,2,1,0,1,-2,3,0,0,1,1,-1,-1,0,0,1,-1,1,0,-2,2,3,-2,-5,1,-1,2,1,-1,1,0,0,0,-1,-3,2,0,0,-3,1,3,-1,-1,3,-1,-1,0,3,-1,-1,-3,1,0,3,0,0,0,-2,1,4,-3,-1,1,2
Bloque,184,Deltas,3,2,-2,0,2,2,-1,1,0,0,0,1,2,0,-1,1,0,-1,1,0,0,0,3,1,0,-3,0,2,-1,1,0,0,0,3,0,0,-1,0,1,-2,-1,1,0,-1,-1,1,1,0,3,0,-3,0,2,0,-1,0,0,0,0,-2,0,3,1,1,-2,1,0,1,1,1,0,0,1,0,-1,0,2,1,0,-1,-1,4,1,-4,0,1,1,-1,1,1,1,-3,4,0,-3,1,3,-1,0,0,0,1,-1,-3,3,1,0,3,0,-3,-2,-2,0,0,-1,0,-1,0,1,0,-2
Bloque,185,Deltas,0,0,0,0,0,0,-1,0,0,0,0,0,0,0,0,0,-1,-4,0,0,0,0,0,0,0,0,0,-1,-3,-3,0,0,0,1,0,0,0,0,0,0,-3,0,0,0,0,1,0,-1,-1,0,1,0,0,0,0,-2,0,0,0,-1,0,0,0,0,0,0,-1,0,0,0,0,0,0,0,0,0,0,-2,0,0,0,0,0,0,0,0,0,0,-2,0,0,-2,-1,0,-1,0,-2,0,1,0,-3,-3,0,0,-1,1,-1,-1,0,0,0,-2,-3,0,-1,1,-1,0,1,0,-1
Bloque,186,Deltas,0,0,0,0,0,-1,-2,-3,-2,-3,1,0,0,0,0,0,-1,-2,-3,-1,0,-1,0,0,0,0,0,0,-1,-1,0,-3,2,0,0,0,0,0,1,-1,-1,1,0,0,0,0,0,0,0,-2,-1,1,2,-2,0,0,0,0,0,0,-2,-1,0,1,0,1,0,0,0,0,0,-1,0,0,0,-1,0,0,0,0,0,0,0,0,0,0,1,1,0,0,-1,1,-1,1,-3,-2,1,1,-3,0,0,-1,0,0,1,-1,-1,1,0,1,0,0,0,-1,0,0,0,0,0,1,0
Bloque,187,Deltas,4,-4,-1,3,0,-1,0,-1,3,-2,-5,0,-1,-2,0,0,1,2,0,1,-3,-2,0,-1,1,2,-3,0,1,1,0,-4,-2,-3,1,0,0,-2,1,-1,1,0,-1,-3,1,2,-3,0,-2,1,-1,0,0,-1,1,0,-2,-1,0,-1,1,-3,-4,3,0,-3,1,0,0,1,-1,0,-3,-2,4,-1,-1,0,-3,0,1,-2,-1,1,-3,-3,2,-3,1,3,-1,-2,-1,-1,-3,-3,-1,0,2,1,1,-2,0,0,-2,0,0,0,0,0,4,-2,0,0,0,0,-2,-1,1,2,-1
Bloque,188,Deltas,-1,0,1,-2,1,0,0,-2,1,1,-1,1,0,0,-1,-1,2,0,-3,1,1,-2,0,-2,-2,0,-4,2,0,-1,0,1,-1,1,0,0,0,-2,0,1,-2,-4,-2,2,-2,0,0,0,0,0,0,0,-2,-2,0,-1,-2,2,-1,-1,-1,-2,1,0,-5,0,1,-1,0,-1,-1,-2,-1,0,0,0,2,-1,3,0,0,0,0,0,-2,-1,3,4,0,-1,-1,0,0,1,-1,-1,1,-1,0,1,0,-1,1,-3,0,0,0,-1,1,-1,0,2,0,1,-2,0,0,0,-1,1,-1
Bloque,189,Deltas,-2,0,0,-1,-2,2,1,-2,-1,-1,0,-2,4,-1,-1,0,1,0,-2,-1,0,0,2,1,-4,0,0,0,0,-1,0,0,0,-1,-5,-2,2,1,0,-1,-1,1,0,-1,-3,-2,0,-2,1,0,0,1,1,-1,-1,2,2,-3,0,0,-1,-1,0,-1,2,-1,3,-2,1,2,-1,0,0,-1,2,-2,0,-1,-4,1,-3,0,1,1,0,-2,0,0,1,0,0,-2,-2,0,2,-2,0,1,-2,0,2,-3,-1,-2,-2,-1,-1,-1,4,-3,1,-2,0,-2,-6,1,-1,-1,1,0,4
Bloque,190,Deltas,2,-1,1,-1,0,0,-2,1,-1,0,0,0,-2,2,-1,0,0,0,-3,1,0,0,-1,-1,1,-1,0,-2,3,0,-1,0,0,-1,-1,1,-1,0,1,-2,0,0,0,0,-1,-1,0,2,-1,2,-4,-4,2,0,0,-1,-2,1,0,-1,0,-1,-1,0,0,0,1,1,1,0,-4,-2,0,0,-1,0,0,1,2,2,-1,-4,0,-2,-1,0,0,0,-1,-2,0,-4,-2,0,-3,3,0,1,-1,0,0,-2,-1,-2,-1,-2,1,0,-1,-1,1,1,-1,0,-2,-2,0,-1,2,-1,-1
Bloque,191,Deltas,0,0,0,0,0,0,-1,-1,0,0,0,0,0,0,0,0,0,-1,-1,0,0,0,0,0,0,0,0,0,0,-1,0,0,0,0,0,0,0,0,0,-1,-1,0,0,0,0,0,0,0,0,0,0,0,0,0,1,0,0,0,0,0,0,0,0,0,0,1,0,0,0,0,0,0,0,0,0,0,-2,0,0,0,0,0,0,0,0,0,0,-1,0,-1,0,-1,-1,0,0,0,0,0,4,1,0,-1,0,0,-1,2,2,2,2,1,1,0,-1,0,0,-1,2,3,3,2,0
Bloque,192,Deltas,0,-1,-1,1,1,0,0,-1,-1,0,0,0,-1,-1,1,1,0,0,-1,-1,0,0,0,0,0,0,0,0,0,-1,-1,0,0,0,0,0,0,0,0,0,-1,-1,0,0,1,1,1,-1,-1,0,0,0,0,-1,-1,1,1,1,0,-1,0,0,0,0,-1,-1,0,0,0,0,0,0,0,-1,-1,0,0,0,0,0,0,0,0,0,-1,-1,0,0,0,-2,-1,6,0,0,-1,-1,1,0,0,-1,-1,0,-1,-5,-4,-2,0,1,0,0,-1,-1,2,0,-1,0,0,0,0,1,0
Bloque,193,Deltas,0,0,0,0,0,0,0,0,0,0,0,0,0,0,0,0,0,0,0,0,0,0,0,0,0,0,0,0,0,0,0,0,0,0,0,0,0,0,0,0,0,0,0,0,0,0,0,0,0,0,0,0,0,0,0,0,0,0,0,0,0,0,0,0,0,0,0,0,0,0,0,0,0,0,0,0,0,0,0,0,0,0,0,0,0,0,0,0,0,0,0,0,0,0,0,0,0,0,0,0,0,0,0,0,0,0,0,0,0,0,0,0,0,0,0,0,0,0,0,0,0
Bloque,194,Deltas,0,0,0,0,0,0,0,0,0,0,0,0,0,0,0,0,0,0,0,0,0,0,0,0,0,0,0,0,0,0,0,0,0,0,0,0,0,0,0,0,0,0,0,0,0,0,0,0,0,0,0,0,0,0,0,0,0,0,0,0,0,0,0,0,0,0,0,0,0,0,0,0,0,0,0,0,0,0,0,0,0,0,0,0,0,0,0,0,0,0,0,0,0,0,0,0,0,0,0,0,0,0,0,0,0,0,0,0,0,0,0,0,0,0,0,0,0,0,0,0,0
Bloque,195,Deltas,0,0,0,0,0,0,0,0,0,0,0,0,0,0,0,0,0,0,0,0,0,0,0,0,0,0,0,0,0,0,0,0,-2,0,0,0,0,0,0,0,0,0,0,0,0,0,0,0,0,0,0,0,0,0,0,0,0,0,0,0,0,0,0,0,0,0,0,0,0,0,0,0,0,0,0,0,0,0,0,0,0,0,0,0,0,0,-1,0,0,0,0,0,0,0,0,0,0,0,0,0,0,0,0,0,0,0,0,0,-1,2,0,0,0,0,0,0,0,0,0,0,0
Bloque,196,Deltas,0,0,0,0,0,0,0,0,0,0,0,0,0,0,0,0,0,0,0,-1,1,0,0,0,0,0,0,0,0,-1,-1,-1,-1,0,0,0,0,0,0,0,0,0,-1,-1,0,0,0,0,0,0,0,-1,0,1,0,0,0,0,-2,-2,-2,-1,0,0,-1,0,1,0,0,0,-1,-1,-1,0,0,0,-1,-1,-1,-1,-1,-1,-1,0,-2,0,0,-2,-1,-1,0,0,0,0,0,0,0,0,-1,0,0,-1,-1,-1,-1,-1,0,0,0,0,0,0,0,0,0,0,0,0,0,0,0
Bloque,197,Deltas,-2,-1,-2,0,2,1,0,0,0,0,0,-1,0,0,0,0,0,0,0,0,0,0,0,0,0,0,0,0,0,0,0,0,0,0,0,0,0,0,0,0,0,0,0,0,-2,0,0,-1,0,0,0,0,0,0,0,-1,-1,-1,0,-1,0,0,0,0,0,0,0,-1,0,-1,0,0,0,0,0,0,0,0,-1,-1,0,0,0,0,0,0,0,0,0,-1,-1,-1,0,0,0,0,0,0,0,-1,-1,-1,-1,0,0,0,0,0,0,0,0,1,0,0,0,0,0,0,0,0,0
Bloque,198,Deltas,0,0,0,0,0,0,0,0,0,0,0,0,0,0,0,0,0,0,0,0,0,0,0,0,0,0,0,0,0,0,0,0,0,0,0,0,0,0,0,0,0,0,0,0,0,0,0,0,0,0,0,0,0,0,0,0,0,0,0,0,0,0,0,0,0,0,0,0,0,0,0,0,0,0,0,0,0,0,0,0,0,0,0,0,0,0,0,0,0,0,0,0,0,0,0,0,0,0,0,0,0,0,0,0,0,-2,-2,0,1,-1,0,0,0,0,0,0,-3,1,-1,0,-2
Bloque,199,Deltas,0,0,0,0,0,0,0,0,0,0,0,0,0,0,0,0,0,0,0,0,0,0,0,0,0,0,0,0,0,0,0,0,0,0,0,0,0,0,0,0,0,0,0,0,0,0,0,0,0,0,0,0,0,0,0,0,0,1,0,-1,-1,2,-2,-2,0,0,0,0,2,0,-1,-1,2,-1,-3,0,0,0,0,1,0,-1,-2,3,-1,-2,0,0,0,0,1,0,-1,-2,3,-2,-3,0,0,-1,1,2,0,-2,0,2,-2,-3,2,1,-1,0,-2,-4,2,-2,1,-3,-2,1,-1
Bloque,200,Deltas,0,0,0,0,0,0,0,0,-1,-1,0,0,0,0,3,-3,3,-2,-1,-2,0,2,0,0,0,1,1,-2,-1,-1,-1,0,1,0,0,0,0,2,-3,0,-1,-1,0,1,0,0,0,1,1,-1,-1,-1,-1,0,1,0,0,0,0,0,0,0,1,0,2,-5,0,0,0,0,0,0,0,-2,-2,-1,-4,0,0,0,0,0,0,0,2,1,-3,-1,0,0,0,0,0,0,0,-1,-1,-5,0,0,-1,-1,-4,-1,3,0,0,-1,2,1,-1,0,2,0,0,1,-1,0,-2,-1,-3
Bloque,201,Deltas,0,0,0,0,1,-1,-1,2,1,1,0,0,0,0,0,0,0,0,0,0,1,-3,0,0,0,0,0,0,0,0,0,-1,0,0,0,0,0,0,0,0,0,-1,-2,1,0,0,0,0,0,0,0,0,-2,0,-1,0,-2,2,1,0,0,0,0,-1,-1,-2,3,0,2,-1,0,0,0,0,-1,-1,-2,2,0,1,-2,0,0,0,0,-2,-2,-2,0,-1,2,1,0,0,0,0,-1,-1,-2,1,1,2,1,2,0,-2,-1,0,0,-2,0,0,0,0,-1,-1,0,2,0,-1,-2
Bloque,202,Deltas,0,2,-1,-2,1,0,0,-1,-3,0,-1,-1,-1,-1,-1,-2,0,-1,-1,0,-2,-1,-2,-1,-2,-1,-1,-3,0,0,-3,-1,-1,-1,0,-1,0,0,0,-3,-2,0,-1,-1,1,0,0,0,0,-1,0,0,-1,-1,-1,-2,-1,-2,-2,-1,-2,-1,-2,-2,-3,-4,-2,-1,-1,-1,-1,-1,-2,-2,-2,-2,-2,-2,-1,-1,-2,-3,-1,-1,-1,-1,-2,-1,-2,-2,-1,-2,-2,-1,-1,-1,-1,3,2,-2,-1,-2,-1,-2,-1,-1,-2,-3,-2,-3,-2,-2,-1,-1,-1,-1,-2,-3,-3,-3,0
Bloque,203,Deltas,-3,-1,-6,-3,4,2,-2,1,-1,0,-1,-1,-1,-2,-5,1,6,1,2,-2,-3,-6,-2,-1,-3,-5,1,6,-3,-4,-2,0,-2,-3,-3,-3,-4,1,1,-7,-4,0,0,3,-2,-2,-3,-5,-1,-4,-4,0,2,0,1,-2,-2,-2,-2,0,-1,-4,6,0,-3,4,-2,-1,2,0,-2,0,0,5,-1,3,1,1,2,2,2,-1,5,-1,0,5,-1,-4,-2,-1,4,2,0,0,3,3,-4,-1,0,-1,-1,3,4,-1,4,0,-6,-1,2,1,1,-2,-3,1,2,-1,-6,0,0,3,1
Bloque,204,Deltas,-3,-3,-3,-1,1,0,1,5,0,-6,-2,-2,0,2,0,1,5,2,-4,-3,0,1,1,3,0,3,6,0,-7,0,2,1,0,2,1,4,3,-4,-4,0,2,1,-1,-2,1,4,0,-7,-1,2,1,3,-2,-2,2,3,-6,-2,-1,0,0,0,-3,1,4,-2,-6,-1,0,3,0,-4,-3,2,1,-2,-2,-1,0,5,0,-3,1,4,-1,-3,0,2,3,3,-1,-4,3,4,0,-3,0,2,0,1,-4,0,2,0,-3,-5,1,1,0,0,-3,0,2,-1,-5,-2,1,0,0,0,0
Bloque,205,Deltas,-1,-2,1,-2,0,2,1,-1,0,-1,-3,1,-1,-2,0,2,0,-3,-1,1,0,0,-3,0,4,0,-2,-2,1,0,0,0,0,2,2,-1,-2,0,1,0,0,0,0,0,3,-2,-1,2,1,0,0,0,0,0,0,-3,2,1,0,0,0,0,0,1,0,0,1,0,0,0,0,0,0,0,1,1,1,1,0,0,0,0,0,0,0,0,1,1,0,0,0,1,0,0,0,0,0,1,0,0,0,0,0,0,0,0,0,2,0,0,0,0,0,0,-1,0,3,-2,-1,2,-1
Bloque,206,Deltas,-1,0,0,0,0,0,0,0,0,0,0,0,0,0,0,0,0,0,0,0,0,0,0,-1,0,0,0,0,0,0,0,0,0,0,0,0,0,0,0,0,0,0,0,0,0,0,0,0,0,0,0,0,0,0,0,0,0,0,0,0,-2,-2,-1,0,0,0,0,0,0,0,0,0,-1,-3,-2,0,0,0,0,0,0,0,0,-1,-2,-2,0,0,0,0,0,0,0,-3,-3,-2,0,0,0,0,1,-2,2,-1,0,1,-2,0,0,0,-2,0,0,0,0,-1,-2,1,1,0,0
Bloque,207,Deltas,0,0,0,0,0,0,-8,1,-1,0,-14,0,0,0,0,0,0,2,-1,-1,0,0,0,0,0,0,-1,1,-1,0,-2,0,-1,0,0,0,0,0,-2,2,0,-1,0,-1,0,0,0,0,0,0,0,0,0,0,-1,0,0,0,0,0,0,0,0,0,0,0,0,0,0,0,-2,0,0,0,0,0,0,0,0,0,0,0,0,0,0,0,0,0,0,0,0,0,1,0,0,1,0,0,0,0,0,0,0,0,-1,1,1,0,0,0,0,0,0,0,0,0,0,1,0,0,0
Bloque,208,Deltas,-12,-14,-10,-18,-18,-16,-13,-12,-4,-2,0,3,0,3,1,3,1,-2,1,3,-10,4,1,0,1,1,-1,1,0,2,-8,10,-6,0,-1,-2,0,-1,1,0,-12,18,2,-13,0,0,0,0,0,0,-1,7,-1,4,-18,0,0,0,0,0,0,0,0,0,0,0,0,0,0,0,0,0,0,0,0,0,0,0,0,0,0,0,0,0,0,0,0,0,0,0,0,0,0,0,0,0,0,0,0,0,0,0,0,0,0,0,0,0,0,0,0,0,0,0,0,0,0,0,0,-1,-2
Bloque,209,Deltas,1,9,-6,1,0,-1,-3,-2,-2,8,2,13,-6,-4,0,-1,-1,0,-3,5,0,-2,1,-6,0,0,-1,1,-6,6,1,-1,0,-8,1,-3,-1,1,-5,3,1,0,3,-1,-1,-1,1,-2,-3,-2,3,-4,1,-2,0,1,0,-1,2,-3,3,-1,2,0,5,0,0,-1,0,-2,-1,3,-1,0,0,1,0,-1,-1,1,-5,2,0,2,-1,0,0,0,-1,0,-1,-1,4,-2,2,-2,0,0,0,0,1,-3,1,0,-1,2,-2,1,0,-1,3,0,-2,2,-1,0,0,0,0,1,-1
Bloque,210,Deltas,-2,-3,3,2,-4,-14,-30,-25,-25,-21,-25,2,-4,-3,-25,-12,-30,-25,-17,-14,-11,-14,1,-3,10,7,-3,12,20,9,6,14,29,0,4,3,10,10,3,-2,4,6,5,8,0,-6,2,0,-2,-15,-11,9,19,6,-28,-2,2,-1,-5,-8,-1,0,-5,-9,-4,-1,0,-1,-7,-4,-1,1,0,-10,-14,-18,-10,-2,-1,-5,-7,-6,-10,-9,-4,-3,-2,-5,0,-1,2,0,-2,0,-1,-4,-5,-6,-4,0,0,5,17,18,15,15,16,16,19,16,0,0,1,6,10,10,10,10,11,11,12
Bloque,211,Deltas,-32,-22,-8,-6,0,0,-6,-1,2,3,0,-14,-12,-18,-18,0,-1,-8,5,10,-2,1,32,16,0,10,1,-2,0,-3,-2,-1,1,1,4,5,8,2,-4,-5,0,2,-2,0,-44,-15,0,-7,0,-3,1,-1,0,0,-1,5,-1,-7,-4,-1,3,0,-1,2,-2,5,3,-5,-7,-1,1,-2,0,-1,-1,1,0,-13,-9,-4,-1,-3,0,0,-2,-1,-1,-1,-1,1,1,0,-2,0,2,-1,-4,-3,0,17,17,19,11,0,0,1,-1,-5,-1,1,11,9,9,3,-1,0,3,2,1,6,-1
Bloque,212,Deltas,-1,0,-6,0,9,-3,2,-2,1,-1,-1,-1,1,-9,5,3,-2,4,-4,1,-2,4,0,-2,-5,7,0,-1,1,-4,0,-2,4,1,-4,-2,6,-1,0,0,-2,-2,0,3,2,-4,-1,5,-1,1,0,-2,-1,1,2,0,-3,-3,7,-1,2,0,-3,1,-4,5,1,-3,-4,7,-1,0,0,-3,2,-2,-1,1,0,-5,6,0,-1,1,-1,0,-1,-1,2,1,-6,6,1,-2,1,-2,0,2,0,2,-2,-2,0,4,-3,0,1,-3,0,-1,1,-1,-2,0,2,-2,0,1,-2,-5,1
Bloque,213,Deltas,1,0,-3,0,1,2,-2,0,0,0,0,-1,0,-4,-2,3,4,-2,0,0,0,0,-1,0,-4,-2,2,5,-3,0,0,0,0,-1,0,-4,-2,2,5,-2,0,0,0,0,-2,0,-4,-2,2,5,-3,0,0,0,0,2,0,0,-2,-2,4,1,0,1,-1,-1,3,1,-1,-1,1,0,2,0,-1,1,1,4,0,0,-1,2,-1,2,1,-1,1,1,4,1,-2,-2,1,2,-2,2,2,-1,-1,-1,5,-3,-2,2,2,0,0,2,-2,0,-5,7,-2,-2,1,0,0,-1,0,5,-1
Bloque,214,Deltas,0,0,0,0,0,0,0,0,0,3,0,0,0,0,0,0,0,0,0,0,-1,-1,0,0,0,0,0,0,0,0,0,-1,0,0,0,0,0,0,0,0,0,0,1,0,0,0,0,0,0,0,0,0,0,0,1,0,0,0,0,0,0,0,0,0,-3,3,-1,-1,0,0,0,0,0,0,0,-1,-2,-1,0,0,0,0,0,0,0,0,0,-1,1,0,0,0,0,0,0,0,0,0,0,-3,0,0,0,0,0,0,0,0,0,0,1,0,0,0,0,0,0,0,0,0,0
Bloque,215,Deltas,0,-2,2,2,-2,0,0,0,-1,2,1,-1,-2,-1,0,-3,-2,1,0,1,0,-1,-2,0,-1,-3,-2,-1,2,-2,0,1,-4,0,0,-2,-2,-1,1,2,-1,0,0,2,1,0,-1,1,0,3,1,-1,2,-1,-4,0,-1,-2,1,0,0,-1,-3,0,1,1,1,-1,0,0,0,0,-1,-1,-1,-1,1,1,0,0,0,0,0,-1,0,-2,-1,-2,-2,-1,0,2,0,-1,-1,0,0,-2,-1,0,-2,0,1,0,-1,0,0,-1,-1,-1,0,-1,0,0,0,-1,0,1,-1,0,-1
Bloque,216,Deltas,-2,-3,-1,-5,1,2,0,1,0,0,0,0,-1,0,-1,0,1,2,1,0,0,-4,-2,-1,1,-2,0,0,2,2,0,-1,-5,4,2,1,-1,-1,1,2,1,0,-1,-5,0,0,0,0,-1,1,3,0,0,-1,-5,0,0,-3,-1,0,6,0,0,-1,0,-1,0,0,0,0,3,0,-1,0,0,-1,0,-1,1,4,-4,3,2,-1,0,0,-2,-1,0,0,1,0,-4,0,4,0,-1,0,0,-1,0,2,2,0,-3,2,0,-4,-1,-1,0,2,-1,0,1,-2,1,-1,-2,-1,-1
Bloque,217,Deltas,-2,0,0,-2,0,-1,0,-2,2,-1,-3,-3,0,0,-2,0,0,0,0,3,-1,-2,0,1,1,0,0,0,0,0,-1,0,0,-1,-2,-2,-1,0,0,0,0,0,-3,-2,2,-1,-1,1,0,0,0,0,2,0,-1,0,0,0,0,0,0,0,0,0,1,-1,0,0,0,0,0,0,0,0,2,-3,0,0,0,0,0,0,0,0,0,1,-1,-3,0,0,0,0,0,0,0,0,-1,2,1,0,0,0,0,0,0,0,0,-1,2,-1,0,0,0,0,0,0,0,0,0,-4,1
Bloque,218,Deltas,0,-2,2,-1,0,0,0,0,0,1,1,0,0,-1,-1,0,0,0,0,0,1,-3,0,-1,0,0,-1,0,0,0,0,1,-1,2,-1,0,0,-2,0,0,0,0,0,0,-1,0,-2,-1,0,0,0,0,0,0,0,-1,0,0,0,0,-3,0,-1,0,-2,-4,1,-1,-2,0,1,-1,-1,-4,-2,1,-2,0,-2,0,-2,0,0,-3,-1,0,2,0,-2,0,0,-1,0,0,-5,0,0,1,-1,-3,0,-1,-1,1,1,-3,-2,-1,-2,-1,0,-3,0,2,0,0,-1,0,-4,0,-2
Bloque,219,Deltas,0,-1,2,-2,-2,3,-2,-2,-1,-1,-1,-2,1,-3,-1,0,-1,0,0,-1,0,-2,-1,2,-1,-2,-2,2,-1,0,2,-2,-1,0,0,-1,1,1,0,0,0,-2,2,-3,0,0,0,0,1,2,0,0,1,-1,-2,0,-1,-1,-1,0,1,1,-2,1,-2,-2,-2,2,-1,0,0,0,0,-2,2,0,-1,-3,0,0,0,0,-1,-1,-1,0,0,-1,-1,-1,1,0,-1,-2,0,0,-1,-2,0,0,1,1,0,-1,-1,0,0,0,0,0,-1,0,-1,-1,0,1,0,0,0,0,0
Bloque,220,Deltas,-1,0,1,0,0,1,-1,-1,1,-1,0,0,2,-1,0,0,-1,0,1,-1,-2,1,1,0,-1,-2,3,-3,1,1,-2,0,0,3,-1,0,0,0,0,0,1,-1,-4,3,2,-1,0,-1,1,-3,0,-1,0,1,-3,0,0,0,-2,0,1,2,-3,1,0,0,-1,2,-1,1,0,-2,-4,1,0,1,-3,2,-2,-2,-2,0,-2,0,0,1,-2,0,0,0,-2,-1,2,-1,2,0,-2,0,2,0,0,0,-2,2,0,1,-1,1,1,-1,0,0,0,-1,0,1,0,0,-3,-3,0
Bloque,221,Deltas,0,1,-1,-2,-1,-2,2,0,-1,-5,2,0,-1,0,0,0,-1,0,0,-3,0,1,-1,1,-1,0,-1,-3,-1,2,0,-1,-1,0,-1,1,-1,0,-2,0,0,1,-1,-3,0,0,-1,0,0,2,0,-3,-1,-1,-2,-2,-4,1,0,-1,4,1,-5,2,2,0,-1,0,-1,0,-2,3,2,-5,1,1,0,0,1,-1,1,0,0,3,-2,0,0,1,-1,-1,2,2,1,-4,2,0,-1,0,1,0,-1,-2,0,0,-2,2,-2,0,-2,-1,-3,-1,1,0,-1,1,2,-2,0,-2,-3
Bloque,222,Deltas,-1,0,1,-1,0,-3,1,-2,2,1,-1,-1,1,1,1,-3,1,-2,0,0,0,0,-1,0,-1,1,0,2,-4,1,-1,2,0,-1,-4,0,3,-1,0,0,-2,1,1,-2,0,0,-2,1,-1,1,-1,-1,0,-2,-3,-1,3,0,2,-4,-2,-1,0,0,2,1,0,2,0,-3,-1,-2,-1,-1,0,0,0,2,2,-1,-1,0,0,-1,-2,-1,3,2,1,0,-1,2,-1,0,0,-2,-2,1,0,2,0,1,0,-1,0,0,0,0,0,0,-1,-2,-1,-2,-5,0,0,0,-1,-1,1
Bloque,223,Deltas,0,-1,0,0,-1,0,0,0,0,0,-1,0,2,-1,-3,-1,1,-2,-1,-2,-1,-1,-1,0,-2,2,2,-1,0,-2,1,-3,1,-2,-1,1,0,0,0,1,3,-1,1,-1,-1,0,0,-2,-2,-2,2,1,3,1,0,0,0,1,1,-1,1,-3,2,-5,0,1,-1,-2,-1,-1,-3,0,3,-2,-1,3,-1,1,0,-1,-1,-2,0,2,-1,4,-1,-1,0,-1,1,1,-1,2,0,-3,-2,0,0,-3,0,0,0,-1,3,-4,-1,0,0,4,1,2,-1,-4,0,0,-4,0,1,-2,2
Bloque,224,Deltas,-2,0,2,0,0,0,0,0,2,2,1,-2,-1,-1,0,1,0,1,3,1,-1,1,1,2,2,-1,1,0,1,1,-1,0,1,-1,-1,-1,6,0,-2,-4,-4,1,-1,-2,0,0,0,0,-2,-10,0,5,-2,-2,0,-2,0,-2,0,-1,-1,1,0,-2,0,-1,-5,0,5,-1,-4,2,-5,0,1,-4,-3,4,0,-3,-3,0,-2,-2,5,1,2,-2,3,-3,-2,0,1,-4,3,0,1,0,1,-4,-2,1,0,0,0,0,1,1,1,1,-2,1,0,0,0,0,0,-1,-1,-1,-1
Bloque,225,Deltas,0,0,0,0,0,0,0,0,0,0,0,0,0,0,0,0,0,0,0,0,0,0,0,0,0,0,0,0,0,0,0,0,0,0,0,0,0,0,0,0,0,0,0,0,0,0,0,0,0,0,0,0,0,0,0,0,0,0,0,0,0,0,0,0,0,0,0,0,0,0,0,0,0,0,0,0,0,0,0,0,0,0,0,0,0,0,0,0,0,0,0,0,0,0,0,0,0,0,0,1,0,-1,-1,0,0,0,-1,-1,1,-1,0,0,0,-1,0,-1,0,0,0,2,0
Bloque,226,Deltas,0,0,0,0,0,0,0,0,0,0,0,0,0,0,0,0,0,0,0,0,0,0,0,0,0,0,0,0,0,0,0,0,0,0,0,0,0,0,0,0,0,0,0,0,0,0,0,0,0,0,0,0,0,0,0,0,0,0,0,0,0,0,0,0,0,0,0,0,0,0,0,0,0,0,0,0,0,0,0,0,0,0,0,0,0,0,0,0,0,0,0,0,0,0,0,0,0,0,0,0,0,0,0,0,0,0,0,0,0,0,1,0,0,0,0,0,0,0,0,0,0
Bloque,227,Deltas,0,0,0,0,0,0,0,0,0,0,-1,0,0,0,0,0,0,0,0,0,0,0,0,0,0,0,0,0,0,0,0,0,0,0,0,0,0,0,0,0,0,0,0,0,0,0,0,0,0,0,0,0,0,0,0,0,0,0,0,0,0,0,0,0,0,0,0,0,0,0,0,0,0,0,0,0,0,0,0,0,0,0,0,0,0,0,0,0,0,0,0,0,0,0,0,0,0,0,0,0,0,0,0,0,0,0,0,0,0,0,0,0,0,0,0,0,0,0,0,0,0
Bloque,228,Deltas,0,0,0,0,0,0,0,0,0,0,-1,0,-1,0,0,0,0,0,0,0,0,0,0,0,0,0,0,0,0,0,0,0,0,0,0,0,0,0,0,0,0,0,0,0,0,0,0,0,0,0,0,0,0,0,0,0,0,0,0,0,0,0,0,0,0,0,0,0,0,0,0,0,0,0,0,0,0,0,0,0,0,0,0,0,0,0,0,0,0,0,0,0,0,0,0,0,0,0,0,0,0,0,0,0,0,0,0,0,0,0,0,0,0,0,0,0,0,0,0,0,0
Bloque,229,Deltas,0,-1,-1,0,0,0,0,0,0,0,0,0,0,0,0,-1,0,0,0,0,0,0,0,0,0,0,0,0,0,0,0,0,0,0,0,0,0,0,0,0,0,0,0,0,0,0,0,0,0,0,0,0,0,0,0,0,0,0,0,-1,-2,0,0,0,-1,0,0,0,0,-2,-2,-2,0,1,0,0,1,0,0,0,0,-2,-1,0,0,2,0,-1,0,0,0,0,1,0,-1,-3,-1,-1,0,0,0,0,0,1,0,-1,0,0,0,-2,0,0,0,0,2,-3,-2,0,0,0,0
Bloque,230,Deltas,0,0,0,0,0,-1,1,4,-2,-1,2,0,1,-1,-1,-1,-3,1,6,-4,1,0,0,-1,-1,1,0,3,-1,0,-3,-2,1,0,-1,1,1,0,1,0,-5,1,2,-1,0,1,1,-1,-1,-2,-4,1,1,4,3,0,2,2,-10,0,0,5,3,6,-1,-2,0,-4,-3,-2,1,-1,6,4,0,-1,-1,0,-7,-2,2,6,3,-1,-2,-3,0,0,1,-2,-4,9,3,-4,-5,0,2,2,1,0,2,1,-3,-5,-3,4,0,0,0,0,0,-2,-1,-2,2,-2,1,1,0,0,0
Bloque,231,Deltas,1,-1,2,0,-1,0,0,0,0,0,1,2,2,1,1,2,1,0,0,0,0,0,0,4,-1,-1,-1,-2,-2,-2,-1,-1,2,2,0,-2,-2,-1,-1,1,1,1,1,0,-1,-2,2,1,1,1,-2,-1,-1,-1,1,-1,-1,0,0,0,0,0,-1,-2,-2,-2,-1,-1,0,0,0,0,0,0,-1,-2,2,0,0,0,0,0,0,1,1,0,-1,-3,1,1,0,0,0,0,3,2,0,0,1,0,0,0,0,0,0,0,0,0,0,0,0,0,0,0,0,0,0,0,0,0,0
Bloque,232,Deltas,0,-1,-1,-2,-1,-1,4,-1,1,0,2,-3,-3,2,0,1,0,-2,1,2,2,1,1,0,0,0,-2,-1,2,1,-2,-2,2,-1,-2,-2,-2,0,2,0,-4,-1,-1,-2,-3,-1,3,1,0,-1,-1,0,-1,-1,0,0,1,0,0,0,0,0,0,0,-1,-1,-1,-3,-1,0,0,0,0,0,0,0,0,0,2,0,0,0,0,0,0,0,0,0,0,-2,0,0,0,0,0,0,0,0,0,0,0,0,0,0,0,0,0,0,0,0,0,0,0,0,0,0,0,0,0,0,0
Bloque,233,Deltas,-1,-2,-2,-1,1,0,-1,-1,-1,-1,-1,0,0,0,0,0,0,0,0,0,-1,-2,0,0,0,0,0,0,0,0,0,-3,-5,-1,0,0,0,0,0,0,0,-6,-3,0,0,0,0,0,0,0,0,0,-1,-2,-1,-1,-1,-1,-2,-2,-1,0,2,-1,-1,0,-1,0,0,0,-1,-1,0,1,0,0,0,0,-4,-5,0,-1,-1,0,1,0,0,0,-2,2,1,-2,-2,-1,0,1,0,0,1,0,0,0,0,0,0,1,2,-2,3,4,0,0,0,0,0,0,1,2,6,0,-3
Bloque,234,Deltas,-1,0,0,-1,-1,-1,-1,-2,-2,1,-4,-2,-1,0,0,0,2,0,1,1,-1,2,-2,0,0,0,0,0,1,6,2,0,5,0,0,0,0,0,4,3,-2,-1,4,2,-1,0,0,0,1,4,1,2,5,-1,-5,0,3,1,1,-2,-2,-1,4,0,-7,3,0,-1,0,0,-1,1,7,-2,-7,1,3,1,4,3,-1,-1,4,-1,-7,1,-2,0,1,1,0,0,0,-2,-5,1,-2,0,-3,-1,-4,2,4,-5,-17,-6,-10,-6,6,-3,2,5,2,-6,-3,-6,9,8,-2,12,1
Bloque,235,Deltas,-3,2,5,-2,-1,-1,-4,2,-2,-3,2,7,2,-1,2,4,-11,37,-4,-1,6,10,4,-5,-3,2,18,-10,-18,-7,-5,2,-2,-9,-2,-5,2,3,0,6,10,9,-8,-10,4,-1,0,2,-9,-11,3,15,-5,-8,1,0,0,-20,-14,-2,-2,-15,-3,-17,-9,-17,1,-1,-3,-2,-2,-22,-40,-21,7,0,-12,3,-3,-11,8,15,7,10,24,35,33,23,-4,4,8,30,50,52,46,42,48,56,43,-1,2,5,17,30,27,29,25,26,30,41,-2,2,-1,1,6,0,7,4,4,5,6
Bloque,236,Deltas,0,1,-2,-2,-2,0,-2,1,2,0,1,5,-14,6,13,1,-7,-1,-3,-3,0,-2,-12,-7,-4,8,6,3,1,-5,-3,-1,-1,-2,7,-1,-7,-2,4,1,-1,0,0,0,11,3,-1,-5,-6,-1,0,1,0,0,0,-29,-18,-11,-3,-5,-3,-1,-1,-1,0,0,-19,-19,-9,11,12,2,1,0,0,0,0,30,19,15,22,34,12,2,0,0,0,0,36,19,7,6,23,23,2,0,0,0,0,47,30,5,1,11,21,3,0,0,0,0,-6,-22,-2,8,9,8,6,2,1,0,0
Bloque,237,Deltas,1,0,0,0,0,1,0,-1,0,2,0,0,0,0,0,0,0,-2,0,0,0,1,1,0,0,-1,1,1,-1,-1,-1,0,2,0,0,0,0,0,0,0,0,0,0,0,0,0,0,0,0,0,0,0,0,0,-1,0,0,0,0,0,0,0,0,0,0,0,0,0,0,0,0,0,0,0,0,0,0,0,0,0,0,0,0,0,0,0,0,0,0,0,0,0,0,0,0,0,0,0,-1,0,0,0,0,0,0,0,0,0,0,1,0,0,0,0,0,0,0,0,0,0,0
Bloque,238,Deltas,2,1,-3,3,-1,-1,0,-1,0,0,0,0,-4,4,0,-1,0,0,0,0,0,0,0,-1,2,-1,0,0,0,0,0,0,0,0,0,0,-1,0,0,0,0,0,0,0,2,-4,1,0,-1,0,-1,0,0,0,0,1,-1,2,0,0,-1,0,-1,-2,0,0,0,0,0,0,0,-1,-1,-1,-1,0,0,0,0,0,0,0,-1,-1,-1,-1,0,0,1,-1,0,0,0,0,-1,-2,-1,0,0,1,-1,-2,0,0,-1,0,0,0,0,0,0,0,0,0,0,0,0,0,0,0,0
Bloque,239,Deltas,0,0,0,0,1,0,0,-2,0,0,0,0,0,0,0,0,0,0,-1,-1,-1,0,0,0,0,0,0,0,-1,-1,0,0,0,0,0,0,0,0,0,-1,0,-1,0,0,0,0,0,0,0,0,0,-1,-1,-1,1,0,0,0,0,0,0,-1,-1,-1,-1,-2,0,0,0,0,0,0,-1,0,-1,-2,0,0,0,0,0,0,0,0,-1,-1,-2,0,0,0,0,0,0,0,0,0,0,-2,-1,0,0,0,0,0,0,-1,-1,-2,0,0,0,0,0,0,0,0,0,0,0,0,0
Bloque,240,Deltas,0,-1,0,0,0,0,0,0,1,1,0,0,1,-2,2,1,-4,-1,4,0,-3,-3,0,-2,-3,3,0,-4,-3,4,0,-3,-3,0,-2,0,2,-1,-2,-1,3,0,-3,-2,0,-4,2,1,-3,-2,0,3,-1,-2,0,0,-5,4,-4,0,-4,2,2,-2,-2,2,-2,-3,6,-2,1,-3,1,1,-2,-2,2,-5,-1,4,-1,0,-5,3,1,-2,-3,2,-3,1,1,-2,0,-4,3,1,-3,-3,1,-5,3,1,0,-2,-3,3,0,-3,-1,2,-5,4,0,-1,-1,-3,3,0,-3,-2,1
Bloque,241,Deltas,0,-1,-2,2,0,0,0,-2,0,1,0,0,0,1,0,0,0,0,2,-2,-1,1,0,0,0,0,-2,-1,2,-1,-1,-2,1,0,0,0,0,0,0,0,0,2,5,-9,0,0,0,0,0,0,0,0,-4,-9,1,0,0,0,0,0,0,0,0,-3,7,11,0,0,0,0,0,0,0,0,4,-3,-10,0,0,0,0,0,0,0,0,1,-4,2,0,0,0,0,0,0,0,0,0,4,0,0,0,0,0,0,0,0,0,-4,4,-15,0,0,0,0,0,0,0,0,-4,-17,-27
Bloque,242,Deltas,-1,0,1,1,2,4,4,4,4,4,4,1,-2,3,27,50,63,65,68,68,67,64,7,-3,-22,55,53,38,34,33,32,32,33,-23,-18,6,18,0,0,0,0,0,0,0,12,-16,25,-16,-63,-78,-68,-73,-78,-66,-63,58,56,39,-100,-110,-68,-50,-51,-67,-58,-63,-33,69,10,-27,40,31,14,25,36,32,24,-20,-30,-74,18,112,95,90,81,56,76,79,15,-19,-33,-2,10,-8,-32,-28,7,1,-7,-4,24,110,83,0,1,31,39,31,24,18,-31,-38,6,36,-10,-26,-17,-23,-21,-19,-21
Bloque,243,Deltas,1,-1,1,1,0,0,1,0,-1,-1,0,44,22,16,5,4,2,2,3,-4,-3,1,49,42,7,-7,2,0,-3,-2,3,-1,1,0,13,8,-33,-16,-5,-4,0,2,-1,2,-66,-35,-4,-7,-1,-1,1,2,-2,0,2,-58,-93,-69,49,41,15,6,1,-3,5,0,22,16,-15,33,7,-9,-8,-1,-2,2,-1,77,98,20,-37,-24,1,7,0,0,0,1,7,-3,-30,-21,7,-9,1,-1,0,1,1,10,-10,33,134,21,0,0,-3,-1,2,0,-24,-16,33,26,-53,-20,7,0,-3,1,0
Bloque,244,Deltas,0,0,0,-1,-1,1,1,-3,1,2,2,0,0,0,0,0,5,-3,3,-2,0,-1,0,0,0,-3,-5,1,0,2,-1,-2,-2,2,0,0,0,-3,1,4,1,0,-2,0,2,0,0,-2,-1,-1,0,1,1,-2,0,0,0,0,1,0,-1,-1,2,2,0,-1,0,0,0,1,0,-1,-1,3,2,0,0,1,1,1,1,0,-1,-1,0,0,1,3,1,1,1,1,0,-2,-1,-1,0,3,2,0,0,0,0,0,-1,-1,0,0,0,0,0,0,0,0,0,-1,-1,0,0,0,0
Bloque,245,Deltas,-3,-2,-2,0,1,-4,1,-3,-3,1,4,1,0,-2,-1,3,-1,0,-10,-1,0,7,0,0,1,-2,4,-3,2,-7,-2,-5,6,-1,0,1,0,-2,3,1,1,-5,-5,-6,-1,0,-1,1,-4,5,-2,-3,1,-4,-3,2,-6,0,-1,0,-6,6,-2,1,-2,-8,-2,1,-3,0,3,-1,-2,6,-1,0,-3,-4,2,-2,-1,-3,2,-2,1,-1,-1,1,0,-4,2,-2,2,0,4,-4,3,3,1,1,1,-2,1,0,0,-1,0,-1,1,-1,1,1,-1,2,-2,3,-1,0,1,-2,0
Bloque,246,Deltas,0,0,0,0,0,0,0,0,0,0,0,0,1,-2,-2,-2,0,0,0,0,-1,0,6,0,2,-2,-5,0,0,0,0,0,-1,9,0,2,2,0,0,0,0,0,-2,1,-3,7,0,5,1,0,0,0,0,0,-1,-6,4,0,0,6,0,1,-2,-4,1,-1,-3,-4,2,4,-1,4,1,-3,-1,0,-1,-7,-3,1,1,-1,-1,4,0,0,-1,0,-2,-1,0,1,1,-1,-6,3,0,-1,1,0,-2,-3,-2,1,-3,0,-1,2,1,-2,0,0,-3,-1,0,1,-1,0,-3,1,3
Bloque,247,Deltas,0,-1,0,0,0,0,0,0,-2,0,-4,-1,0,0,0,0,0,0,0,0,0,0,1,-1,0,0,0,0,0,0,0,0,-2,-1,0,0,0,0,0,0,0,0,0,-1,0,-1,0,0,0,-1,0,0,0,0,-2,-1,1,-1,-1,-2,-1,-2,0,0,-3,0,-1,0,-1,-1,-1,-1,-2,0,0,-1,0,0,-2,-2,-2,0,1,1,0,0,1,0,1,-1,-4,-2,0,1,3,0,0,1,1,2,-2,-2,0,0,2,-1,1,2,0,-1,-4,0,-2,1,-1,0,-2,-2,1,-2,-1
Bloque,248,Deltas,0,1,-3,0,2,-3,1,-1,0,0,0,-1,-1,-1,-1,2,0,0,2,0,0,0,-1,-1,-1,0,-3,4,2,-1,1,0,0,-2,-1,-1,0,-3,2,1,-1,1,0,0,-2,-1,-1,1,-2,-2,0,2,0,0,0,0,-1,-2,0,0,-2,0,2,0,0,-1,0,-1,-2,-2,4,-1,-4,-1,5,-1,0,0,-2,-2,-1,4,0,-3,-2,0,2,0,0,-1,-2,1,1,1,-1,-1,0,0,0,1,-1,0,0,0,0,0,0,-1,-2,0,0,-1,1,-1,0,0,0,0,-1,-1,0
Bloque,249,Deltas,0,0,0,0,0,0,0,0,-3,1,0,0,0,-1,0,-1,-1,2,0,0,0,0,0,0,0,0,-2,-1,0,0,0,0,0,0,0,0,0,-1,-2,0,1,1,0,0,-1,0,0,0,-2,-2,0,0,1,0,0,-1,1,0,-1,-1,0,1,0,0,0,-1,2,0,0,-2,-1,0,0,0,0,0,-2,0,0,0,0,-1,0,2,0,0,0,0,0,0,0,-1,-1,0,0,0,0,0,0,0,0,-3,0,1,0,0,0,0,-1,0,0,0,-3,0,0,0,1,0,-3,-2,-2
Bloque,250,Deltas,-1,-1,-3,0,2,-1,-5,-3,1,-1,-1,0,-1,0,0,0,-1,0,-5,0,1,2,0,-1,-2,1,-1,-3,0,-1,-1,3,2,0,-1,0,0,-2,-3,-2,1,1,2,-1,-1,-1,1,-2,-2,-2,0,2,2,3,0,0,-3,-1,-3,-2,4,2,-1,5,-1,0,0,-3,-2,0,0,2,-2,-1,0,0,-1,-3,-3,2,0,4,0,2,2,0,0,-1,-2,0,2,5,-4,0,0,-2,-5,0,4,-2,-6,0,0,-1,0,-3,-2,2,2,4,0,-1,3,0,-2,-2,2,0,-1,0,-1
Bloque,251,Deltas,0,0,1,0,-2,-2,0,0,0,0,0,2,-1,0,-2,-1,1,-3,0,0,-2,-3,0,1,1,0,-1,-1,-2,0,0,-2,-3,1,0,-3,0,1,0,-3,0,0,-3,-1,0,-1,-1,1,0,-3,-2,0,0,-3,2,0,-3,0,0,0,0,0,-1,-1,0,0,0,0,0,0,0,0,-1,0,0,-1,0,-1,2,0,0,0,0,-2,0,0,-1,-1,0,1,0,0,0,0,0,-1,-2,0,0,-1,-1,0,-3,0,2,-4,-3,1,1,5,-1,-1,0,-1,0,0,-6,-1,1,3,2
Bloque,252,Deltas,0,0,0,0,-5,0,0,-1,0,0,-2,-1,3,2,-2,-1,-3,5,-1,0,0,-3,-3,5,4,0,-2,4,1,1,0,-3,-3,-4,5,-1,-6,-1,2,0,3,-3,-2,1,2,0,-5,-1,3,-4,0,-1,-4,2,1,1,-4,1,-1,-1,-2,0,2,3,0,0,0,0,1,-3,-2,2,1,1,-4,0,1,1,1,0,-2,1,0,0,1,-2,0,-3,2,-1,1,2,-1,-2,0,-1,-4,0,-1,1,2,0,0,-3,-1,0,0,0,0,0,1,0,0,0,0,-2,1,0,0,0,0
Bloque,253,Deltas,3,0,-2,-1,-3,2,0,-1,-1,0,0,-1,-3,-3,-3,-2,2,5,2,-2,-2,-5,0,0,-3,-4,3,0,0,4,1,-3,-3,-4,0,1,1,0,0,2,2,0,-4,-4,-1,3,1,2,-5,2,4,-1,0,-1,0,5,2,-1,3,-2,-1,3,-1,0,-2,-1,2,-2,1,0,0,0,0,-1,-2,0,0,1,-1,0,1,0,0,-1,0,3,-1,-5,1,0,0,0,0,0,0,0,-2,-5,-1,0,0,0,0,0,-3,0,4,-2,-7,-2,0,0,0,0,0,-2,1,2,-6,-2,4
Bloque,254,Deltas,0,0,0,0,-2,2,1,-1,-3,2,-1,2,0,-1,-2,-1,0,0,0,0,2,2,1,0,-1,0,-1,0,0,0,0,-3,2,-1,1,0,-1,-1,0,0,-1,-1,1,-1,0,1,0,-1,-1,0,0,-1,-1,1,3,1,0,-1,0,-5,0,0,-3,0,-2,1,-4,0,-1,1,-3,-2,2,-1,-2,-2,3,0,3,-1,1,1,-2,2,1,0,0,3,2,3,-2,2,3,0,0,-1,2,1,4,7,0,-2,-2,0,1,0,0,-3,5,5,1,2,0,0,3,3,0,-5,1,1,3
Bloque,255,Deltas,-2,3,0,0,-1,2,1,-1,-2,-2,0,-3,1,0,0,-1,0,0,0,-4,1,1,-2,-3,-3,0,3,0,-4,0,0,-3,-2,-5,-2,2,-1,-1,0,0,4,-1,2,-1,0,0,-2,0,3,1,0,0,0,1,-1,-4,-4,-3,-1,2,-1,-1,-1,2,-1,-1,-4,-4,1,0,1,-3,2,-2,-2,-1,-1,0,-1,-1,-3,1,1,0,-2,1,1,-4,0,-1,2,-2,-1,0,0,0,1,-2,0,-1,0,-1,2,-5,2,1,4,0,0,-1,-2,-3,0,-1,-2,1,3,-1,0,0,-1
Bloque,256,Deltas,-1,2,-2,0,0,0,0,-3,-3,-2,-2,-1,-2,0,-2,-2,0,0,-2,0,-1,1,0,1,0,1,0,-1,-1,0,-1,1,0,4,4,0,-1,-2,0,1,1,-1,0,-1,0,-1,-3,0,0,-1,-1,0,1,-2,-1,0,-1,0,-1,-3,0,-3,2,0,1,-1,-2,3,1,-2,0,-2,0,1,2,-1,0,0,0,2,0,1,-2,1,0,1,-3,-2,-1,0,-2,1,0,2,0,0,-2,-2,-2,-2,-2,-2,0,0,0,0,0,0,0,0,3,2,-1,0,0,0,0,0,0,0,0
Bloque,257,Deltas,-1,0,0,0,0,0,1,6,-3,-4,-3,-1,0,0,1,0,0,0,4,-1,-3,0,-1,0,1,2,0,0,0,5,-2,-4,3,0,0,0,0,0,0,0,3,0,-4,1,0,0,-1,-1,-1,0,-1,1,1,-3,1,0,-2,-2,-2,0,0,-1,1,1,-3,1,0,0,0,0,0,0,0,2,2,-3,1,0,0,0,0,0,0,0,1,3,-3,1,0,0,0,0,0,0,-1,1,2,-3,0,0,0,0,0,0,0,-1,1,2,-3,0,0,0,0,0,0,0,-1,1,3,-3,0
Bloque,258,Deltas,-3,0,0,0,0,0,0,0,0,0,0,-2,0,0,0,0,0,0,0,0,0,0,2,0,0,0,0,0,0,0,0,0,0,1,-1,0,0,0,0,0,0,0,0,0,0,0,0,0,0,0,0,0,0,0,0,-1,0,0,0,0,0,0,0,0,0,0,0,0,0,0,0,0,0,0,0,0,0,0,0,0,0,0,0,0,0,0,0,0,0,0,0,0,0,0,0,0,0,0,0,0,0,0,0,0,0,0,0,0,0,0,-1,0,0,0,-1,0,0,0,0,0,0
Bloque,259,Deltas,0,0,0,0,0,0,0,0,0,0,0,0,0,0,0,0,0,0,0,0,0,0,0,0,0,0,0,0,0,0,0,0,0,0,0,0,0,0,0,0,0,0,0,0,0,0,0,0,0,0,0,0,0,0,0,0,0,0,-2,-2,0,0,0,0,0,0,0,0,-2,0,1,0,0,0,0,0,-1,0,0,0,0,-1,-1,0,0,0,0,-1,0,0,1,0,-1,-1,-1,0,0,0,1,0,0,-2,-1,0,1,0,0,0,0,-3,0,0,-1,0,0,-1,2,3,-2,-4,-2
Bloque,260,Deltas,0,0,0,0,0,0,0,0,0,0,0,0,0,0,0,0,0,0,0,0,0,0,0,0,0,0,0,0,0,0,0,0,0,0,0,0,0,0,0,0,0,0,0,0,0,0,0,0,0,0,0,0,0,0,0,0,0,0,0,0,0,0,0,0,0,0,-2,-1,1,2,-2,-3,-1,-2,-1,0,-1,1,2,-1,-3,-2,0,-2,-1,-1,-1,-1,0,-3,-2,0,0,0,0,-2,-2,-1,0,-4,-1,0,0,0,0,-1,-3,-1,-1,-2,0,-1,-1,-3,0,1,1,-2,0,0,-1
Bloque,261,Deltas,0,0,0,0,-1,-1,0,2,0,0,0,0,0,0,0,2,-2,-1,0,0,0,0,0,0,0,0,-1,-1,0,0,0,1,-2,0,0,0,0,0,0,1,1,-1,3,0,0,0,0,0,1,0,0,2,1,1,1,0,0,0,0,-2,1,0,-1,1,1,2,2,0,-1,-2,1,1,0,-1,-1,-1,-1,0,0,0,0,1,1,0,-1,-1,-1,-1,3,-4,1,3,1,1,0,-2,-1,-1,-1,2,-4,0,1,1,1,0,-2,-1,-1,-1,1,0,0,-1,-1,-1,-1,0,-1,-2,-1
Bloque,262,Deltas,0,-2,-3,3,0,2,1,-1,-1,0,0,0,0,6,1,3,1,-1,0,0,0,0,-2,6,5,0,3,4,0,-3,-2,0,0,-2,5,2,2,-3,-1,1,0,3,0,0,0,0,2,0,-1,1,6,2,0,0,0,-3,-1,0,2,4,6,0,1,0,0,0,-1,-2,-2,-2,-2,-1,-2,-1,-1,0,0,-1,-1,-1,-2,-2,-1,-1,-2,-1,0,0,-1,-1,-1,-1,-2,-2,-1,-1,-1,0,0,-1,-1,-1,-1,-1,-1,-1,-1,-1,0,0,-1,-1,0,0,0,-1,-1,-1,-1,0,0
Bloque,263,Deltas,0,0,0,0,0,0,0,0,0,0,0,0,0,0,0,0,0,0,0,0,0,0,0,0,0,0,0,0,0,0,0,0,0,0,0,0,0,0,0,0,0,0,0,0,0,0,0,0,0,0,0,0,0,0,0,0,0,0,0,0,0,0,0,0,0,0,0,0,0,0,0,0,2,-1,-1,0,1,0,0,0,0,0,0,-2,-2,0,2,1,0,0,0,0,-1,-1,3,0,-2,-1,0,0,0,0,0,-1,-1,0,-1,-2,1,0,0,0,0,0,1,1,0,0,0,2,0
Bloque,264,Deltas,0,0,0,0,0,0,0,0,0,0,0,0,0,0,0,0,0,0,0,0,0,0,0,0,0,0,0,0,0,0,0,0,0,0,0,0,0,0,0,0,0,0,0,0,0,0,0,0,0,0,0,0,0,0,0,0,0,0,0,0,0,0,0,-1,0,0,1,0,0,-1,-2,-1,-1,2,-1,-3,-1,1,0,0,-1,-1,-1,-1,-3,0,2,0,0,0,0,-1,-1,-1,-1,-3,0,1,0,0,0,0,-1,-1,-1,-1,3,-2,-2,-1,-1,-1,0,-1,-3,-1,2,-4,1,-1,1
Bloque,265,Deltas,0,0,0,0,-1,0,1,2,3,-1,-3,0,0,2,0,0,0,1,2,-2,1,9,-1,0,-1,-1,1,0,-1,-1,1,7,1,1,-1,-1,2,-1,-1,0,2,9,-1,-7,-1,2,1,-1,-1,-1,0,2,2,-8,0,0,-1,-1,0,1,0,-1,-1,-7,1,0,-1,-1,-1,-1,-2,-1,-1,-1,0,0,-1,-1,-1,-1,-1,-2,-1,-1,-1,0,0,0,-1,-1,-1,-2,-1,-1,-2,-1,0,0,0,-1,-1,-1,-1,-1,-1,-1,-1,0,0,0,-1,-2,-1,-1,-1,-1,-1,-2,0,0,0
Bloque,266,Deltas,2,5,-6,-4,1,-16,-13,1,4,-4,-18,2,-7,-1,4,0,19,5,-9,3,12,22,-5,-1,1,3,2,-4,5,8,11,-11,13,-2,0,0,3,0,0,-9,-17,-7,-10,-17,2,0,3,-2,-6,4,-7,3,8,9,-13,0,3,-2,-3,-1,0,11,-4,-2,8,27,0,0,0,0,0,-7,7,8,-8,-18,122,0,0,0,0,0,4,5,7,-8,-48,45,0,0,0,0,0,-4,2,4,-5,-31,-3,0,0,0,0,0,-4,-4,-1,-6,-36,4,0,0,0,0,0,0,0,-6,-15,-42,3
Bloque,267,Deltas,-20,-7,-13,4,2,-2,4,2,1,-1,-1,6,-9,-20,1,-6,-19,-18,-20,-24,-23,-21,1,-33,-47,-48,-39,-37,-40,-45,-34,-24,-34,-11,-27,-34,-28,-27,-24,-19,-23,-21,-11,-28,-13,12,9,9,6,7,9,5,2,11,18,-66,-30,6,8,3,1,1,3,-2,4,-15,26,-52,3,15,16,2,-6,10,-1,-5,20,94,35,11,27,42,50,33,33,41,48,60,19,32,33,11,-29,-40,-35,-39,5,44,31,7,8,23,41,10,-27,-23,-25,-16,23,6,-4,-43,-27,37,84,92,80,54,-19,-43,-18
Bloque,268,Deltas,8,-9,-11,4,14,3,20,0,0,0,0,7,8,-6,-7,38,13,23,0,0,0,0,-34,-28,-24,-8,8,12,0,0,0,0,0,-31,4,-13,-37,-14,11,-1,0,0,0,0,-10,-47,-45,-19,-13,-4,14,0,0,-2,0,-40,-45,-25,17,18,2,34,0,0,0,-1,57,55,-4,-2,27,-7,34,0,0,-2,1,32,13,2,-16,-5,-1,-15,0,-1,0,0,15,10,9,5,-8,-16,-7,0,0,0,0,-12,-25,-6,24,-6,11,5,0,0,0,0,16,15,19,33,24,5,-1,0,1,0,0
Bloque,269,Deltas,0,0,0,0,0,0,0,0,0,0,1,0,0,0,0,0,0,0,0,0,0,1,0,0,0,0,0,0,0,0,0,0,0,0,0,0,0,0,0,0,0,0,0,-1,-2,1,0,0,0,0,1,1,-1,-2,-2,2,2,0,0,0,-1,-2,0,0,2,0,-2,-2,0,0,1,1,3,4,-1,0,-1,-1,0,0,0,-7,6,-2,0,-2,-4,0,0,0,0,0,-7,3,0,1,-5,-1,0,0,0,0,0,0,-9,-1,2,2,-1,0,0,0,2,0,5,3,-2,2,3,-2,-3
Bloque,270,Deltas,-2,1,-1,0,0,0,0,0,0,0,0,0,0,-1,0,0,0,0,0,0,0,0,4,-3,1,0,0,0,0,0,0,0,0,1,0,0,0,0,0,0,0,0,0,0,-1,-1,-2,-1,-1,1,0,0,0,-1,1,4,-5,-2,0,1,-1,-1,0,0,-2,-1,-1,2,0,0,0,5,6,5,0,3,2,3,2,2,1,1,2,1,1,0,1,0,-2,1,1,2,3,2,2,3,2,1,1,-1,-1,-2,-2,-1,1,1,2,-2,1,2,-1,-2,-2,-3,-7,-7,-5,-3,-2,0,-1
Bloque,271,Deltas,0,0,0,0,0,0,0,0,0,0,0,0,0,0,0,0,0,0,-2,0,0,-1,0,0,0,0,0,0,0,0,-2,0,-4,0,0,0,0,0,0,-1,-1,-2,0,-3,-1,0,0,0,0,0,-1,-1,-2,-1,-4,0,-1,0,0,0,0,-1,-1,-2,-1,-4,0,0,0,-1,0,0,0,0,0,0,-5,1,0,0,-1,0,1,-1,0,2,-1,-5,-1,0,0,0,0,-1,0,0,0,-4,-2,-1,0,0,0,0,0,0,1,1,-3,-2,0,0,0,0,0,0,0,0,0,-2,-1
Bloque,272,Deltas,-2,5,-1,-2,-1,-3,4,-2,-2,0,1,-2,3,-1,-1,-3,-2,3,-2,-1,-1,1,0,2,-2,1,-3,-2,4,-1,-3,-1,1,3,2,-2,3,-4,-3,1,-1,-2,-2,2,2,1,-2,3,-6,-1,1,-1,-1,-2,1,2,1,-3,2,-6,1,2,-1,-2,0,1,5,0,-3,2,-3,0,3,-2,-2,-1,2,5,-1,0,0,-4,4,4,-1,-1,-1,1,3,-1,0,0,-5,4,4,0,-2,0,1,2,-2,0,1,-5,4,4,0,-3,0,1,4,-1,0,1,-5,3,4,0,-3,0,1
Bloque,273,Deltas,0,0,0,0,0,0,0,0,-5,-6,-5,0,0,0,0,0,0,0,0,-1,5,3,0,0,0,0,0,0,0,0,8,-1,9,0,0,0,0,0,0,0,0,-5,2,18,0,0,0,0,0,0,0,0,5,-5,11,0,0,0,0,0,0,0,0,3,1,-3,-1,0,0,0,0,0,0,0,0,-1,-1,0,0,1,1,0,0,0,0,-1,2,1,-2,0,1,0,0,0,0,0,0,3,2,0,-1,2,-2,0,0,0,0,0,0,0,-1,-1,1,0,0,0,0,-2,0,0,-1
Bloque,274,Deltas,-18,-29,-57,-53,-33,-47,-82,-76,-70,-71,-68,-18,4,28,16,10,41,61,72,64,56,62,-12,-52,-45,-60,-80,-45,-23,-19,-23,-10,-11,8,-32,-80,-78,-69,-103,-136,-134,-129,-133,-136,41,53,44,43,46,52,43,39,37,33,26,17,30,38,34,39,37,41,43,42,43,45,-2,-3,-3,-2,-3,-2,-4,-3,-2,-1,-4,1,2,1,1,0,0,1,1,1,2,2,-1,0,0,0,0,0,0,0,0,0,0,-1,-1,0,0,0,0,0,0,0,0,0,0,0,0,0,0,0,0,-1,0,-1,0
Bloque,275,Deltas,-42,-18,-40,-48,-47,-11,3,-4,-1,1,-1,55,21,28,19,-20,-6,0,-2,-1,-3,1,-36,-46,-50,-81,-77,-7,5,-2,-2,-3,1,-131,-114,-109,-99,-26,18,-2,-3,-2,-2,0,33,41,33,51,56,10,-8,1,0,0,0,43,40,38,37,19,7,1,0,-1,-1,0,-1,-4,-2,-2,-1,-1,-1,0,-1,0,-1,0,1,1,1,0,0,0,0,-1,-1,-1,0,0,0,0,0,0,0,0,0,0,0,-1,0,0,0,-2,-1,-1,-1,0,1,0,-2,0,0,0,0,0,0,0,0,0,0
Bloque,276,Deltas,-1,0,0,0,0,0,0,0,0,0,0,-1,0,0,0,0,0,0,0,0,0,0,0,0,0,0,0,0,0,1,0,-1,-1,0,0,0,0,0,0,0,1,0,-1,-1,0,0,0,0,0,0,0,1,0,-1,-1,0,0,0,0,0,0,0,1,0,-1,-1,0,0,0,0,0,0,0,-1,0,0,0,1,0,0,0,0,0,0,-1,1,1,-2,0,0,0,0,0,0,0,2,-1,-1,1,0,0,0,0,0,0,0,0,-1,-1,0,0,0,0,0,0,0,0,0,0,0,0
Bloque,277,Deltas,1,1,1,-1,2,-3,1,0,-1,0,3,1,1,2,-1,0,0,1,-1,0,0,-2,-2,-1,0,0,-2,3,-2,0,-2,0,2,-3,-2,1,2,0,-2,2,-2,0,-1,3,-2,-1,1,3,1,-2,2,-1,-2,2,-2,-1,0,0,0,0,1,-3,2,-2,1,0,0,2,-2,0,1,1,2,1,1,-2,-3,0,1,-2,0,1,1,2,1,-1,2,-2,0,0,-2,-1,2,2,1,1,-3,1,1,0,0,0,-1,1,1,1,1,1,-2,2,0,0,0,0,0,0,0,0,2,-3,-3
Bloque,278,Deltas,-2,3,-2,1,0,1,-1,0,-2,-4,5,2,4,-2,1,-1,-2,0,-1,1,-2,-2,-2,3,-6,0,-2,1,0,2,-2,2,-3,-2,-2,-1,0,0,-2,-1,1,0,-2,1,0,-2,-2,2,-3,-2,1,0,0,-1,0,-1,-1,1,-2,-2,-1,2,-2,-1,-1,1,2,-2,0,-2,3,2,3,-1,0,0,0,0,0,2,-1,-2,-2,-2,2,-1,0,0,-2,-4,1,0,1,-5,1,0,-1,0,0,-2,1,0,-2,0,0,2,4,-3,0,0,3,0,-1,-2,0,-1,0,0,0,1,0
Bloque,279,Deltas,0,-2,-1,1,-1,0,-4,0,0,1,0,5,0,-3,0,0,3,-3,-1,3,2,0,-1,1,0,1,0,0,-5,3,2,-2,0,-1,0,2,-2,0,-2,-5,3,2,-2,0,2,-2,1,1,-2,0,-5,2,1,-2,0,-1,0,-3,-2,1,0,-5,2,1,-3,2,-3,1,1,0,-1,-2,-3,0,-3,1,0,-2,1,2,0,-1,-1,0,0,1,2,0,-2,1,1,0,-2,-1,0,0,1,3,0,-2,1,1,0,-1,-1,-3,0,-4,1,0,-1,-1,0,0,0,0,2,-3,1,0,1
Bloque,280,Deltas,-2,0,-1,-1,2,0,0,0,-1,-1,0,-1,1,-1,-5,4,0,-1,0,-1,-1,0,0,0,0,-1,5,1,-3,-2,0,0,0,-1,0,0,4,2,1,-3,-1,1,0,0,-2,1,-1,1,0,0,0,2,3,-1,-1,-2,2,-1,5,1,-1,1,-2,1,0,0,0,0,0,1,2,0,-2,-7,2,3,0,0,0,0,2,-2,-4,-1,-1,0,0,4,0,0,0,1,-3,-4,1,0,1,-1,4,0,0,0,-1,0,0,0,-3,2,1,-1,-1,-1,2,-1,0,1,2,1,-2,0,-1
Bloque,281,Deltas,-1,-2,0,1,0,0,0,0,-1,-1,0,-2,0,1,1,0,0,-1,-2,1,2,-2,-3,1,3,0,0,0,0,-2,0,-4,0,-1,1,1,1,0,0,0,-1,-1,2,0,0,1,0,0,1,0,0,-3,-1,4,0,1,2,0,0,0,1,0,-1,4,-1,0,0,0,0,0,3,0,-1,-7,0,0,0,-1,-1,0,0,2,-4,4,-5,0,0,0,-1,-1,0,0,0,-3,-4,0,0,0,0,-2,-1,0,0,-1,-1,-5,1,0,0,0,-2,0,0,-1,-3,-1,0,0,0,0,0
Bloque,282,Deltas,-2,-2,0,1,-1,-3,-1,2,1,-1,-1,-3,-3,1,2,0,-1,-1,-2,0,-1,-1,4,-1,3,0,-1,-1,-1,-3,0,1,1,1,-2,-2,-1,0,0,0,0,0,1,1,-1,-3,-1,1,2,-2,1,0,-1,2,1,-4,-2,1,-2,1,1,0,-3,0,4,0,0,0,0,0,0,0,0,0,0,0,0,0,0,0,0,0,0,0,0,0,0,0,0,0,0,0,0,0,0,0,0,0,0,0,0,0,0,0,0,0,0,0,0,0,0,0,0,0,0,0,0,0,0,0,0
Bloque,283,Deltas,-2,0,0,0,0,0,-2,1,-1,1,0,0,1,1,0,-2,0,-1,1,2,-2,-2,2,1,1,2,0,0,0,0,0,0,0,1,2,-2,0,-1,0,-1,0,0,0,0,0,1,0,0,-1,-1,0,0,0,0,0,0,0,0,0,0,0,0,0,0,0,0,0,0,0,0,0,0,0,0,0,0,0,0,0,0,0,0,0,0,0,0,0,0,0,0,0,0,0,0,0,0,0,0,0,0,0,0,0,0,0,0,0,0,0,0,0,0,0,0,0,0,0,0,0,0,0
Bloque,284,Deltas,1,0,0,0,0,0,1,0,0,0,0,2,0,-1,0,-2,1,0,0,0,0,0,2,0,1,0,1,0,1,0,0,0,0,0,0,0,0,0,0,0,0,0,0,0,0,0,0,0,1,0,0,0,0,0,0,0,0,0,0,0,0,-1,0,0,0,0,0,0,0,0,0,0,0,0,0,0,0,0,0,0,0,0,0,0,0,0,0,0,0,0,0,0,0,0,0,0,0,-1,-1,0,0,0,0,0,0,0,0,0,0,0,0,0,0,0,0,0,0,0,0,0,0
Bloque,285,Deltas,0,0,0,0,-1,-3,2,0,-4,-1,2,0,0,0,0,0,-3,2,0,-1,0,0,0,0,0,0,-1,0,-2,1,-2,1,-1,0,0,0,0,1,-1,-3,-2,1,-3,-3,0,0,0,0,1,-1,-6,0,0,1,0,0,0,0,0,0,-1,-1,-1,-2,-3,-2,-1,-3,-2,-1,-1,-1,-1,0,0,0,0,1,-1,0,3,-1,-1,-1,-2,-2,-3,-3,1,-2,-1,1,-1,-1,-1,-2,-1,-1,-1,-2,-3,-4,-1,-1,-1,-1,-1,3,2,3,0,0,0,0,1,0,-2,-1,0,-1,2
Bloque,286,Deltas,0,0,-2,-3,0,4,-4,-1,0,-1,0,0,1,-1,-2,2,1,2,-2,-1,0,2,0,-2,-1,0,-3,-1,1,-1,0,0,3,3,-2,0,-1,-3,-1,1,-1,0,-1,-1,0,-4,3,-3,-1,-1,1,-1,0,-6,-4,2,-4,3,-3,-2,-1,1,-1,0,-1,4,0,-1,-2,1,0,-1,-2,0,-3,1,0,-3,-3,0,-1,1,-2,-2,0,-2,1,0,-1,-2,0,-1,1,-1,-2,0,-2,1,0,2,-1,-2,1,0,-1,-2,0,-2,1,0,-1,-1,2,1,-1,0,0,0,0,0,-2
Bloque,287,Deltas,-3,0,-4,2,-4,5,-2,-1,1,-1,-1,0,1,-4,-1,-2,5,-2,-1,-3,1,-1,4,-2,0,1,0,0,0,0,0,0,-1,-3,-1,-1,-1,-1,-1,0,0,0,0,1,-2,7,-2,-2,-1,-2,0,0,0,0,1,-2,4,-2,-2,-1,-1,0,0,0,0,-1,-2,-1,-2,-2,-2,-2,0,0,0,0,-3,-1,-2,-1,0,3,3,0,0,0,0,-3,-1,-2,1,0,-1,-3,0,0,0,0,-1,-1,-1,-1,-1,0,0,0,0,0,0,0,-1,2,0,0,0,0,0,0,0,0,-1
Bloque,288,Deltas,2,2,-1,0,0,0,0,0,0,0,0,-1,-1,-2,0,0,0,0,0,0,0,0,0,-2,0,0,0,0,0,0,0,0,0,0,1,0,0,0,0,0,0,0,0,0,0,1,0,0,0,0,0,0,0,0,0,0,-2,0,0,0,0,0,0,0,0,0,-2,-1,0,0,0,0,0,0,0,0,0,-1,0,0,0,0,0,0,0,0,0,0,0,0,1,0,0,0,0,0,0,0,0,0,0,2,0,0,0,0,0,0,0,0,-1,0,0,0,0,0,0,0,0,0,0
Bloque,289,Deltas,0,0,0,0,0,0,-1,0,4,-3,0,0,0,0,0,0,0,-1,0,3,-1,-2,0,0,0,0,0,0,-1,0,2,-1,0,0,0,0,0,0,0,0,0,2,-2,-1,0,0,0,0,0,0,0,0,3,-2,-1,0,0,0,0,0,0,0,0,1,-1,-2,0,0,0,0,0,0,0,0,2,0,-3,0,0,0,0,0,0,0,1,2,-1,-1,0,0,0,0,0,0,0,0,1,-1,-1,0,0,0,0,0,0,0,0,2,-1,-1,0,0,0,0,0,0,0,0,1,-2,0
Bloque,290,Deltas,0,0,0,0,0,0,0,0,0,0,0,-1,0,0,0,0,0,0,0,0,0,0,-1,0,0,0,0,0,0,0,0,0,0,1,-1,0,0,0,0,0,0,0,0,0,1,-1,0,-1,-2,0,0,0,0,0,0,2,-1,-1,-1,0,0,0,0,0,0,0,1,-1,0,-1,-1,0,0,0,0,0,0,1,0,0,0,1,0,0,0,0,0,0,1,0,1,1,1,0,0,0,0,0,0,1,1,2,-1,-2,0,0,0,0,0,0,2,-1,-1,0,1,0,0,0,0,0,0
Bloque,291,Deltas,0,0,1,-1,-1,1,0,-4,2,3,-1,0,0,-1,1,1,-1,-2,2,0,0,0,0,0,0,-2,-1,0,0,-2,0,2,2,0,0,-2,-1,0,1,0,2,0,1,0,0,0,-1,-1,0,0,3,2,1,-3,-1,0,0,0,0,-1,-2,3,1,0,-3,1,0,0,1,0,-1,-1,0,2,-1,0,2,0,0,1,0,-1,-1,0,0,-1,-1,0,0,0,0,0,-1,-1,0,0,-1,-1,1,0,0,-1,-1,0,0,0,0,-1,-1,-4,0,0,-1,-1,-1,1,0,0,-1,-1,-4
Bloque,292,Deltas,-2,-1,0,-1,-3,2,1,0,-1,0,-1,2,2,1,-1,3,0,-2,1,0,1,1,3,1,0,1,-2,-1,1,1,0,-1,1,0,0,0,1,-1,0,3,-2,-1,-2,0,0,-1,-1,-1,0,-3,-1,2,-3,-2,0,-2,-1,-2,0,1,-1,-1,0,0,-1,0,-2,0,-1,-1,-1,-3,-2,-1,2,-1,0,-2,-1,-4,-2,-1,1,-1,0,1,-1,0,1,-2,-4,-3,-2,0,-1,-3,0,0,2,2,1,0,-1,2,-1,1,-2,-1,1,4,0,-1,-2,0,0,0,-1,0,-1,3,5
Bloque,293,Deltas,-1,1,-1,-3,2,0,-2,-3,-2,-1,-1,1,-2,-2,1,-2,-3,2,0,-1,-1,-1,-6,-1,3,0,2,-4,1,-3,0,0,0,-8,5,4,0,-1,-1,-1,0,-1,0,0,-6,4,2,0,-1,-2,-2,-1,0,0,0,2,0,2,-1,-1,-1,-1,0,0,0,0,3,-1,1,-2,-1,-1,-1,0,0,0,0,3,0,0,-2,-2,-2,-2,-3,-1,-1,-1,2,-1,1,-3,-2,-2,-2,-2,-2,-3,-1,-2,1,3,-3,-2,-3,-1,-1,-3,0,0,-5,1,5,-1,-2,-2,-1,-1,1,-1,-4
Bloque,294,Deltas,-1,0,-1,0,0,-1,-1,-1,-1,0,0,-1,-2,-1,-1,-1,0,0,-1,-1,-1,-1,-2,-1,-1,-1,-1,0,-1,-1,-1,-1,-1,0,0,-2,-1,0,-1,-1,-1,-1,-1,-1,0,0,-1,0,0,-2,-1,-1,-1,-1,-1,0,-1,-1,-1,-1,-1,-1,-2,-2,0,0,0,-1,-1,-2,-1,-1,-2,-2,-1,1,0,-3,-1,-2,-1,-1,-2,-2,-1,-1,0,0,1,-1,-1,-1,-1,-3,-2,-1,-1,0,0,-2,-2,-2,-1,-1,-3,-2,-2,-2,0,0,-2,-2,-2,0,0,-2,-2,-1,-1,0,0
Bloque,295,Deltas,0,0,0,0,1,1,-1,0,4,0,-2,0,0,0,0,0,0,0,0,-2,1,2,0,0,0,0,0,0,0,0,1,-1,-1,0,1,0,0,0,0,2,-2,7,-1,-5,0,0,0,0,0,0,-1,-4,4,-2,-2,-1,0,-2,0,0,0,0,4,4,3,0,-1,-1,-1,0,0,0,-2,3,1,3,-1,0,0,1,-1,-1,1,0,2,-1,-1,1,0,0,1,0,0,2,2,-3,-1,-1,-1,0,0,2,3,4,2,-1,-1,0,-4,-2,0,0,3,4,5,2,-1,-1,-4,-2,0
Bloque,296,Deltas,1,1,-1,-1,-2,-1,1,-1,-2,-3,3,-1,-2,1,-1,0,-1,-3,-1,0,1,-4,0,0,-1,0,1,0,-4,2,-2,-2,-2,0,1,-1,-1,-1,-1,-1,-1,-1,-1,-1,-2,-1,0,-1,-1,-2,-1,-1,-1,-1,-1,-1,-1,-3,-1,-1,-1,-1,-1,-1,-1,-2,1,0,-4,-1,-2,-2,-1,-1,-1,-1,-1,-1,-1,1,-1,-1,-1,-1,-2,-1,-1,-1,1,1,-1,-2,-2,-1,-1,-1,-1,-1,-1,0,1,-1,-1,-1,-2,-2,-1,-1,-1,-1,-2,-1,1,-1,-2,-2,-1,-2,-1,-1,-1
Bloque,297,Deltas,-1,-1,-1,-1,-1,-1,-1,-1,0,0,0,-1,-1,-1,-1,-1,-1,-2,-2,0,0,0,-2,-1,-1,-1,-1,-1,-1,-1,0,0,0,-1,-1,-1,-1,-1,-1,0,0,-1,-1,0,-1,-2,-1,-2,-1,-1,0,0,-1,-1,0,-1,-1,-2,-1,-2,-1,-1,-2,0,0,0,-1,-1,-1,-1,-1,-1,-1,-1,0,0,0,1,0,-1,-2,2,-1,-4,-1,0,0,0,-2,-2,0,1,2,-1,-2,-1,0,0,0,-2,-1,0,1,-1,-2,-1,3,-2,0,0,1,0,-1,-3,-1,-3,-1,3,-2,0,0
Bloque,298,Deltas,0,0,0,0,0,1,0,-6,-17,-36,22,0,0,0,0,0,7,2,-5,-25,-79,-82,0,0,0,0,0,1,3,0,-6,-20,-45,0,0,0,-1,0,0,2,2,4,6,2,0,0,0,0,0,0,0,0,0,-3,-5,0,0,0,0,0,-2,0,0,3,1,-1,0,0,0,0,0,0,0,0,3,1,0,0,0,0,0,0,0,0,0,1,1,-1,0,0,0,0,0,-1,0,2,0,1,1,0,0,0,0,0,-1,0,2,1,1,1,0,0,0,0,-1,0,0,2,1,0,3
Bloque,299,Deltas,57,38,32,30,31,36,24,28,68,80,61,-46,-40,-36,-45,-46,-43,-43,-57,-45,-53,-59,-52,-59,-61,-65,-65,-65,-55,-60,-50,-55,-23,0,2,6,6,5,2,5,2,7,3,1,0,2,1,1,-1,-3,-2,1,1,-3,1,1,3,3,2,0,-1,2,5,-2,-2,0,0,1,2,2,-2,-4,-5,-2,0,0,1,-1,0,0,1,-2,-5,-2,0,0,0,0,1,0,2,4,0,-2,1,2,1,-1,0,0,0,0,1,-2,0,2,1,0,-1,0,2,0,0,-1,-5,-4,2,-1,0,-1,0
Bloque,300,Deltas,49,26,2,-28,-2,-1,0,0,1,0,0,-78,-72,-51,-26,-2,-3,0,0,0,0,0,-17,-22,3,2,-4,-1,-2,3,0,0,0,1,0,0,0,-1,-1,1,-2,-2,-5,7,0,0,0,1,0,-1,2,1,-7,8,-2,0,1,0,-2,0,0,2,-6,0,5,-6,0,0,0,0,0,2,-4,-3,8,-2,9,0,0,0,0,1,0,-20,0,-10,-8,6,0,0,0,0,0,-1,-5,16,13,-12,-34,0,0,0,0,0,0,2,-6,11,22,9,0,0,0,0,1,1,0,7,-7,21,37
Bloque,301,Deltas,0,0,1,-1,2,-3,-15,-21,-23,-27,-31,0,0,0,0,-16,-30,-41,-36,-37,-38,-36,0,0,0,0,1,-1,-11,-3,-1,0,2,1,1,-1,7,24,31,28,31,36,36,29,1,-6,2,25,91,100,101,105,105,97,94,-12,-1,-7,10,51,48,45,53,39,14,21,-12,3,0,-12,2,-8,-15,-8,10,-7,-14,-2,-10,-5,6,-3,-3,-8,-8,13,40,-12,8,-4,-33,-12,5,1,-3,-5,1,15,-3,-6,-22,-32,-14,12,11,5,-4,-3,-7,-4,-39,-70,-34,-49,-66,-60,-61,-58,-66,-61,-63
Bloque,302,Deltas,-28,-32,-31,-34,-31,-22,-14,-6,1,0,1,-35,-31,-31,-24,-28,-18,-9,19,11,-1,3,3,3,3,4,4,0,15,37,23,-7,4,30,33,40,30,33,30,-7,28,21,-14,-13,94,63,58,50,38,44,-54,2,25,-16,-2,47,25,8,15,12,54,-38,-56,44,-10,-10,34,69,63,52,43,47,21,-77,35,13,0,-6,-7,4,-2,-12,1,62,-30,14,-36,-34,-2,-10,-10,1,-8,-1,42,-44,-42,-88,-63,-7,9,8,-2,-11,9,32,-50,58,107,44,-68,-83,-80,-85,-93,-83,-27,-26,46,67,-1
Bloque,303,Deltas,-3,0,0,-1,-1,1,-1,-1,0,-8,1,-5,0,-1,-1,-1,-1,-1,0,2,-6,5,1,0,-1,-1,-1,-3,0,0,-1,-6,6,-3,-1,-1,-1,-1,0,0,3,-4,-3,6,0,-1,-1,0,0,0,0,0,-4,-5,7,0,-3,-1,0,-2,-2,-1,1,-3,2,5,-2,-4,-1,-1,0,0,-1,3,-4,3,2,-1,-3,-2,-1,-3,-1,0,2,-4,3,2,6,4,0,0,-2,-6,0,-1,-3,7,1,-5,1,2,1,0,-1,1,-2,-5,8,0,2,-4,2,1,-3,1,0,-2,-4,6,1
Bloque,304,Deltas,3,0,-1,-1,-5,5,1,0,-1,-1,2,0,-1,2,-3,-5,2,1,0,-2,-1,2,0,-3,2,-1,-3,3,2,0,-1,-1,2,0,-3,2,-3,-2,4,0,-1,-2,-1,2,-2,-2,2,-4,-5,4,0,0,-2,0,2,0,-3,0,-3,-2,4,0,0,-2,-1,2,-2,-1,3,-5,-1,1,1,-1,-2,-1,1,-3,-1,6,-6,-4,3,0,0,-1,-1,0,-2,-1,4,-4,-3,3,0,-1,-3,-1,0,0,0,3,-5,0,3,-2,-3,-3,0,1,0,0,2,-6,1,2,-1,-4,-1,1,0
Bloque,305,Deltas,-1,1,2,-1,-1,-1,0,0,0,-1,0,-1,-3,1,-1,-1,0,0,0,0,0,0,-1,-2,2,-1,-1,-1,-1,0,0,0,0,0,0,0,-2,-2,-1,-2,-2,0,-1,0,-1,-1,1,-1,0,-2,0,0,0,1,0,-1,-1,1,0,0,0,0,0,0,0,0,0,-3,1,0,0,0,0,0,0,0,0,-1,-1,0,0,0,0,0,0,0,0,0,0,-2,3,1,0,0,0,0,-1,0,-1,0,-1,0,0,0,0,0,0,0,0,0,0,-1,1,1,0,0,0,0,0,0,-2
Bloque,306,Deltas,0,0,0,0,-1,0,0,0,0,0,0,0,0,0,0,1,0,0,0,0,-2,0,0,0,0,0,0,0,0,0,0,0,-1,-1,0,0,0,-1,0,0,0,0,0,0,0,0,0,0,2,0,0,0,0,0,0,0,0,0,0,-2,0,0,0,0,0,0,0,0,0,0,0,0,0,0,0,-1,0,0,-2,-1,-3,0,0,0,0,-1,0,-1,-2,-3,0,0,0,0,0,0,0,0,0,-2,-4,0,0,0,0,2,0,0,0,0,-1,-2,-1,0,0,0,0,0,0,0,0
Bloque,307,Deltas,0,0,0,0,0,0,0,0,0,-1,0,-2,-1,-1,-1,-1,-2,-1,-1,-1,0,0,0,-1,0,0,0,-1,0,0,-1,0,-1,1,-1,0,0,0,-1,-2,-1,0,0,0,0,-2,-1,0,-1,0,-1,-2,0,0,0,0,0,-1,0,0,0,0,0,0,-1,0,0,0,0,0,0,0,0,0,1,0,0,-2,2,1,-1,2,0,0,0,0,0,-1,0,0,0,0,0,0,0,0,-2,-1,0,1,1,-1,-1,2,0,0,0,0,-2,0,-1,-1,0,-1,-2,0,0,0,0,0,0
Bloque,308,Deltas,0,0,0,0,0,0,0,0,0,0,0,0,0,0,0,0,0,0,0,0,0,0,0,0,0,0,0,0,0,0,0,0,0,1,0,0,0,0,0,0,-1,0,-1,0,1,0,0,0,0,0,0,-1,0,-2,0,0,0,0,0,0,0,0,-2,0,-2,0,0,0,0,0,0,0,0,-1,0,-2,0,0,0,0,0,0,0,0,0,0,-2,-1,1,0,0,0,0,0,0,0,0,-1,-2,0,0,0,0,0,0,0,0,0,-1,0,0,0,0,0,0,0,0,0,0,-2,0
Bloque,309,Deltas,0,0,0,0,0,0,0,0,2,-2,-2,0,0,0,0,0,0,0,0,0,-1,-2,0,0,0,0,0,0,0,0,0,0,0,0,0,0,0,0,0,0,0,-1,2,3,0,0,0,0,0,0,0,0,-4,-1,-1,0,0,0,0,0,0,0,0,0,0,0,0,0,0,0,0,0,0,0,0,-1,-1,0,1,2,0,0,0,0,0,2,0,-1,0,1,1,0,0,0,0,0,2,0,-1,0,0,0,1,0,0,0,0,1,0,-1,0,0,0,1,0,0,0,0,1,0,-1
Bloque,310,Deltas,1,2,-4,1,0,1,1,-5,1,2,-3,0,1,-3,3,-1,-3,3,0,0,2,-3,0,-3,1,1,-2,1,-1,1,-1,-1,-1,0,-1,-2,2,0,1,0,1,1,0,1,-2,-2,-3,3,1,0,-2,-1,-1,-1,-3,1,1,-2,-3,1,0,-3,-1,0,-1,0,1,3,1,-1,-3,2,-1,0,2,-3,4,-1,0,-2,0,-1,0,-1,1,-1,-1,2,-1,1,0,0,0,-2,4,-2,0,-1,2,-1,0,0,0,1,1,-2,2,-1,-1,3,-1,-2,0,-1,0,1,-1,-4,2,-1,3
Bloque,311,Deltas,-3,1,0,0,0,0,0,0,-1,1,0,-2,2,0,0,0,0,0,0,1,-1,-1,0,1,0,0,0,0,-2,3,-1,0,-1,4,-3,3,-2,-3,1,-2,3,-3,2,-1,0,-1,-1,-1,0,1,-1,1,-1,0,-2,-3,-1,3,1,-3,-4,-1,1,-1,0,0,1,0,3,-1,-4,0,-3,4,-3,1,2,-3,1,-1,1,-1,0,-1,1,-1,0,0,-2,1,1,-1,-4,2,0,0,-2,1,0,-2,1,1,-1,-4,2,-2,3,0,-1,0,-2,1,-1,2,-2,0,0,0,-3,2,0
Bloque,312,Deltas,-1,-1,0,1,1,2,3,1,-1,-1,-3,0,0,-1,1,1,1,1,2,1,-2,-1,1,1,-1,-3,2,-1,0,3,1,-1,0,0,1,2,0,-1,-1,0,1,0,-1,-1,-2,-1,0,1,-2,-2,1,-1,-1,0,2,-1,-1,-2,2,1,2,3,-1,-1,0,1,1,0,-1,-3,0,0,-3,1,0,-2,-1,0,0,0,-1,-7,-1,0,-1,1,1,-1,0,0,0,2,-2,-8,1,1,-2,-1,1,0,0,0,2,1,-1,-4,1,-2,-1,1,0,0,0,3,0,-2,-1,-1,2,1,-1
Bloque,313,Deltas,0,-1,-1,1,-3,-1,-1,0,0,0,0,0,-1,-1,1,-2,-1,0,2,0,0,0,-2,2,-2,2,-1,-2,0,3,0,0,0,1,1,0,3,-1,2,-1,0,1,0,0,1,1,-3,0,0,-1,1,-1,1,0,0,-1,-1,-1,2,0,-1,1,-1,1,0,0,3,3,-1,2,-1,1,-1,0,0,0,2,1,-1,0,-1,2,1,1,1,0,0,1,-2,0,-1,2,1,2,1,1,-2,-1,1,1,1,-2,-1,1,1,1,1,-1,0,1,0,-2,1,0,1,2,1,1,-1,0,4
Bloque,314,Deltas,0,0,0,0,0,0,0,0,0,0,0,0,0,0,0,0,0,0,0,0,0,0,0,0,0,0,0,0,0,0,0,0,0,0,0,-3,-1,1,0,0,0,0,0,0,0,0,-1,-1,1,0,0,0,0,0,0,0,-1,0,0,0,0,0,0,0,0,0,0,0,0,-1,0,0,0,0,0,0,0,0,0,0,0,0,0,0,0,0,0,0,1,-1,0,0,0,0,0,0,0,0,0,1,0,0,0,0,0,0,0,0,0,0,0,1,3,0,0,0,0,0,0,0,0
Bloque,315,Deltas,0,0,0,0,0,0,0,0,0,0,0,0,0,0,0,0,0,0,0,0,0,0,0,0,0,0,0,0,0,0,0,0,0,0,0,-2,-2,-2,-2,0,0,0,0,0,0,0,0,0,0,0,0,0,0,0,0,0,0,1,1,1,1,0,0,0,0,0,0,-2,0,0,0,0,-1,0,0,0,0,0,0,0,0,0,0,0,0,0,0,0,0,0,0,0,0,0,0,0,0,0,0,0,0,0,0,0,0,0,0,0,0,0,0,0,0,0,0,0,0,0,0,0,0
Bloque,316,Deltas,0,0,0,0,0,0,0,0,0,0,0,0,0,0,0,0,0,0,0,0,-2,0,0,0,0,0,0,0,0,0,0,-1,0,0,0,0,0,0,0,0,0,0,-1,-5,0,0,0,0,0,0,0,-2,0,0,-2,0,0,0,0,0,0,0,-3,0,0,-2,0,0,0,0,0,0,0,0,1,-1,-4,0,0,0,1,-3,-9,-6,-1,0,-4,-1,0,0,0,-1,-3,-2,7,-4,0,-1,1,0,0,0,-1,3,-1,-3,-2,3,-3,-4,0,0,0,-1,1,-2,-3,-4,3,0,-3
Bloque,317,Deltas,0,0,0,0,-1,-1,-3,-4,2,-3,0,0,0,0,0,-1,-1,-4,-4,-1,0,2,0,0,0,0,1,0,-1,-1,1,-2,0,1,0,-2,0,0,0,0,0,0,0,0,-2,-1,4,-1,0,0,0,0,0,0,0,-3,2,0,1,0,0,0,0,0,0,0,2,-1,-2,-1,0,0,0,0,0,0,0,1,-2,-3,2,0,3,0,1,-1,-1,-2,-4,-2,1,3,2,-2,1,1,-1,-1,-1,-1,-1,-1,-2,0,1,4,-1,-2,-1,-2,-1,-4,-2,2,1,2,-2,3,-2,-1,-1
Bloque,318,Deltas,0,-1,1,1,-1,0,0,0,0,-1,3,-2,-1,1,1,-1,0,0,0,0,-1,3,0,-1,1,1,-2,0,0,0,0,0,-2,0,0,0,0,0,0,0,0,0,0,0,0,0,0,0,0,0,0,0,0,0,0,0,0,0,0,0,0,0,0,0,0,0,0,0,0,0,0,0,0,0,0,0,0,-1,0,0,0,0,0,0,0,0,0,0,-1,0,0,0,0,0,0,0,0,0,0,-1,0,0,0,0,0,0,0,0,0,0,-1,0,0,0,0,0,0,0,0,0,0
Bloque,319,Deltas,-2,-1,0,0,0,0,0,0,0,0,2,-3,-1,0,0,0,0,0,0,0,0,-2,-1,2,0,0,0,0,0,0,0,0,0,-1,-1,0,0,0,0,0,0,0,0,-1,-1,-1,0,0,0,0,3,2,3,2,-1,0,0,0,0,0,0,0,0,0,0,-2,0,0,0,0,0,0,1,1,1,1,-1,0,0,0,0,0,0,-1,-1,0,1,1,0,0,0,0,0,0,2,0,-1,-1,-4,0,0,0,0,0,0,1,0,-1,-1,2,0,0,0,0,0,0,-1,-2,0,2,-3
Bloque,320,Deltas,0,-1,-2,0,0,0,0,0,0,0,0,-1,0,1,0,0,0,0,0,0,0,0,0,-1,-1,0,0,0,0,0,0,0,0,2,2,-1,1,-1,-1,0,-1,-1,0,0,1,2,-1,0,-3,0,3,1,0,-1,-3,1,1,-2,2,0,-3,-2,-2,-1,0,2,1,2,-2,0,-2,-1,1,0,0,-2,-1,1,0,0,1,-1,-1,1,1,0,-2,-2,-2,-1,0,1,-1,-1,2,0,0,-1,-1,3,0,-1,1,-1,-1,1,-2,-1,0,0,-1,0,0,1,-1,-1,1,-3,-1,0,1
Bloque,321,Deltas,0,0,0,0,0,0,0,0,0,0,0,0,0,0,0,0,0,0,0,0,0,0,0,0,0,0,0,0,0,0,0,0,0,0,0,0,0,0,0,0,0,0,0,0,0,0,0,0,0,0,0,0,0,0,0,0,0,0,0,0,0,0,0,0,0,0,0,0,0,0,0,0,0,0,0,0,0,0,0,0,0,0,0,0,0,0,0,1,0,0,0,0,0,0,0,0,-1,-3,1,0,0,0,0,0,0,0,0,-1,-2,2,0,0,0,0,0,0,0,0,-1,-2,2
Bloque,322,Deltas,0,0,0,0,0,0,0,0,0,-1,-1,0,0,0,0,0,0,0,0,0,-1,-1,0,0,0,-1,1,-1,0,0,0,0,0,0,0,0,0,0,0,0,0,0,0,0,0,0,0,0,0,0,0,0,0,0,0,0,0,0,0,-1,1,0,0,0,0,0,0,0,0,0,0,-1,-2,0,0,0,0,0,0,0,0,0,-4,-2,0,0,0,0,0,0,0,0,-1,5,2,10,8,-8,-12,0,0,0,1,-2,-2,4,0,7,4,11,0,0,0,0,-3,16,13,2,-5,6,-1
Bloque,323,Deltas,0,0,0,0,2,0,0,0,-1,-1,-5,-1,0,0,0,0,0,0,0,-1,0,-4,0,0,0,0,0,0,0,0,1,1,2,0,0,0,0,0,0,0,0,0,1,1,0,0,0,0,0,0,0,0,0,0,0,0,0,0,0,0,0,0,0,1,-2,-4,0,0,0,0,0,0,0,0,-1,0,-5,0,0,0,0,0,0,0,0,1,3,-4,6,5,-10,-43,-30,-29,-32,-10,-17,-25,3,-12,-43,-104,-116,-102,-108,-105,-78,-87,-102,-97,-11,-5,-11,-23,-27,-44,-43,-32,-30,-32,-33
Bloque,324,Deltas,5,-2,-1,-3,-2,-2,1,0,0,0,0,1,-6,-3,-3,-2,-4,-3,1,0,0,0,3,-4,-3,-2,-1,-3,-3,2,0,0,0,2,-1,-4,-2,2,0,3,0,0,0,0,-1,-1,-2,-5,-5,-6,-9,1,1,0,0,-5,-4,-3,0,0,3,-2,1,1,0,0,-4,-6,-7,-7,-5,-8,0,0,0,0,0,6,6,1,-2,-1,8,0,0,0,-1,0,-6,-4,2,16,-26,-19,-4,7,3,-2,-8,-96,-97,-101,-101,-97,-73,-11,-19,-15,-8,-4,-32,-33,-34,-41,-33,-41,-7,-19,-16,-8,-5
Bloque,325,Deltas,4,-1,-4,1,0,-6,-4,-2,0,-1,-2,1,0,1,0,-6,2,-2,2,-1,-1,-1,0,0,0,0,7,1,-1,-1,-3,-1,-1,0,0,0,0,3,-4,-3,-2,-2,-2,-1,0,0,0,1,1,-1,-2,0,-3,-2,-1,0,0,0,0,-1,0,0,1,-2,-2,0,0,0,0,0,-3,0,-1,-2,-2,-1,0,0,0,0,0,-2,-2,0,-1,-1,0,0,0,0,0,0,-3,0,0,0,-1,0,1,0,0,0,0,-2,-2,-1,0,0,0,1,0,0,0,0,0,-2,1,0,-1,0,-1
Bloque,326,Deltas,1,0,-2,-2,-3,0,0,0,0,1,-2,1,7,-4,-2,3,-3,-1,0,1,-1,-1,-1,1,0,0,5,-3,0,0,-1,-5,3,-1,-2,-3,-2,2,-1,1,1,0,3,4,1,2,-2,0,0,2,0,4,6,1,-2,0,-1,-1,1,0,-2,-1,5,1,-1,0,0,-1,0,0,3,6,7,4,0,-1,1,0,0,-2,-2,5,5,-1,-2,2,-1,-4,0,-2,3,3,3,-3,0,-5,-7,0,-1,-1,3,4,2,-1,-1,3,-5,-8,3,3,0,5,-1,-3,-1,0,-1,-7,7,-2,-1
Bloque,327,Deltas,1,2,2,0,0,0,-3,-2,1,4,0,3,3,0,-2,2,-3,-6,4,3,-2,-2,4,-2,-2,0,-1,-6,1,4,-4,0,2,-1,-2,0,-3,-4,4,2,-3,3,-2,1,0,-2,1,-2,1,2,-3,1,0,0,0,0,-7,1,3,0,-5,3,1,-1,1,0,-3,0,5,-1,-3,1,2,2,-1,0,1,2,7,-5,-2,3,-2,0,0,-1,2,3,3,-3,-1,3,1,-3,2,-1,-6,2,-2,-4,-4,5,-1,1,0,0,2,-5,-2,0,1,-2,2,1,-1,0,0,-2,0,-3,-2
Bloque,328,Deltas,1,1,-3,-1,-4,1,-3,-1,-1,-1,-1,4,-3,-1,-6,1,-4,-3,-1,-2,-2,-2,4,-1,0,-2,-2,-7,0,0,0,0,0,0,3,1,0,-4,0,-2,1,1,1,1,-2,-3,4,0,0,0,0,2,0,-1,-1,-2,3,-2,-2,-1,1,2,0,0,-1,-1,-1,-5,-5,-2,-1,1,3,-1,-1,0,0,-6,-4,-1,0,0,0,0,-1,-1,0,2,1,0,0,0,0,0,0,0,0,0,0,-1,0,2,0,0,0,0,0,0,0,0,-3,2,3,0,0,0,0,0,0,0,0
Bloque,329,Deltas,0,0,0,0,0,0,0,0,2,0,0,0,0,0,0,0,0,0,0,0,0,0,0,0,0,0,0,0,0,0,0,0,0,0,0,0,0,0,0,0,0,0,0,0,0,0,0,0,0,0,0,0,0,0,0,0,0,0,0,0,0,0,0,0,0,0,0,0,0,0,0,0,0,0,0,0,0,0,0,0,0,0,0,0,0,0,0,0,0,0,0,0,0,0,0,0,0,0,0,0,0,0,0,0,0,0,0,0,0,0,0,0,0,0,0,0,0,0,0,0,0
Bloque,330,Deltas,0,0,0,0,0,0,0,-2,0,1,-1,0,0,0,-1,0,-2,0,-1,-1,1,1,0,0,0,0,0,-1,-1,-1,-1,-1,-1,0,0,0,0,0,-1,-1,-1,-1,-1,-1,0,0,0,0,0,0,0,0,0,0,0,0,0,0,0,0,0,0,0,0,0,0,0,0,0,0,0,0,0,0,0,0,0,0,0,0,0,0,0,0,0,0,0,0,0,0,0,0,0,0,0,0,0,0,0,0,0,0,0,0,0,0,0,0,0,0,0,0,0,0,0,0,0,0,0,0,0
Bloque,331,Deltas,0,1,0,1,0,1,-6,0,0,0,0,1,0,0,1,1,1,-3,0,-1,0,0,-1,-1,1,0,1,-2,-1,0,-1,0,0,-1,-1,0,1,-1,-2,-1,0,-1,0,0,0,0,0,-1,-1,0,-1,0,0,0,0,0,0,0,-2,0,0,0,0,0,0,1,0,0,0,0,0,0,0,-1,0,0,2,0,0,-1,0,0,0,0,-1,0,-1,2,0,0,0,0,0,0,-2,-1,-2,0,-8,0,0,0,0,0,0,-2,-1,-1,-2,-7,0,0,-2,0,0,-1,-1,-1,-1,-7,1
Bloque,332,Deltas,0,0,0,0,0,2,0,-8,-12,-14,-16,0,0,-1,0,-1,0,0,-1,1,-9,-18,0,0,0,0,0,-2,-1,0,0,9,4,0,0,0,-1,0,0,-3,-2,0,13,20,1,-1,-6,9,0,-3,0,-1,0,30,14,1,-7,1,5,-3,-1,-2,-2,-1,28,30,-5,-5,8,0,-4,-2,-1,-5,-6,18,58,-8,2,4,1,-1,0,-1,-7,-2,34,67,3,6,-1,-1,-1,0,-1,-7,-14,36,72,7,1,0,-2,-1,-1,-2,-6,-22,26,62,3,-1,0,-2,-2,-1,-1,-8,-12,30,74
Bloque,333,Deltas,-45,-97,-98,-107,-112,-114,-114,-116,-114,-108,-101,7,-10,-19,-15,-10,-8,-6,-4,-9,-10,-4,-4,1,0,2,2,4,6,10,8,8,6,6,6,0,-2,-17,-26,-20,-14,-24,-26,-33,-20,-1,-21,-38,-9,-4,-32,-30,-45,-49,-34,-35,-15,-14,-19,68,142,130,120,96,109,135,18,-37,1,-44,-95,-64,-73,-55,-46,-96,-104,31,9,4,-23,-91,-71,-82,-58,-58,-73,-59,95,126,119,107,96,121,100,99,105,103,106,40,88,98,112,60,83,91,89,94,79,69,26,29,21,15,22,27,38,39,38,42,39
Bloque,334,Deltas,-102,-104,-96,-91,-85,-83,-48,-25,-32,-12,6,-2,0,3,3,4,5,5,-7,-22,7,-10,6,2,0,-2,-13,-9,2,-10,-18,14,55,-31,-32,-35,-28,-17,-8,-2,10,4,20,42,-53,-46,-73,-67,-41,-37,-25,-1,2,-7,-37,118,72,-9,-28,-52,-56,-52,-27,-25,-30,-14,-65,-15,0,-3,-22,-42,-36,-1,-7,9,15,-51,1,7,8,18,35,18,0,23,4,11,121,123,113,114,131,136,55,21,4,-37,-15,77,87,98,82,75,22,9,2,36,27,0,30,27,31,30,26,46,52,35,55,40,-5
Bloque,335,Deltas,9,3,1,0,-2,-5,0,-4,-1,3,0,3,-7,1,0,1,-3,0,-4,0,4,0,14,-1,1,0,1,0,0,-6,2,1,-1,18,-20,2,2,-4,-2,-2,-6,3,0,0,5,-2,-1,0,-1,0,-1,-3,5,1,-1,10,3,-3,0,-2,-1,-3,-4,5,0,0,-3,3,-1,-2,-1,0,-4,-2,1,-2,-1,-6,2,0,0,-2,3,-5,0,3,0,-2,0,0,0,0,2,-3,-6,2,3,-1,1,1,-1,-1,-2,5,-13,-4,4,1,-1,-1,0,0,-2,-3,5,-15,-2,5,0,-1,0
Bloque,336,Deltas,0,1,2,-1,0,1,-1,2,-1,-3,0,0,1,3,-2,1,-1,-1,0,-3,-2,0,-1,-1,-2,-2,0,0,-2,-2,-1,-1,1,0,1,3,-1,0,0,-1,-1,-1,-1,-1,0,1,0,-3,-1,0,0,-1,0,0,0,-2,0,-2,-1,0,0,0,0,0,0,0,-1,1,2,-1,0,0,0,0,0,0,0,-1,0,-1,-2,0,0,0,0,0,0,0,-1,0,-2,-1,0,1,0,0,0,0,0,-1,1,-1,0,0,0,0,-2,0,0,-1,-2,1,-2,0,0,0,-1,-1,0,0,-1
Bloque,337,Deltas,0,-2,0,1,0,0,0,0,0,0,0,0,0,1,0,-1,0,0,0,0,0,0,0,-3,1,3,0,0,0,0,0,0,0,0,-3,0,2,0,0,0,0,0,0,0,0,-2,1,0,-2,-1,0,0,0,0,0,0,0,1,1,0,1,0,0,0,0,0,0,0,0,2,0,0,0,0,0,0,0,0,-1,-1,1,-1,0,0,0,0,0,0,0,-2,0,1,0,0,0,0,0,0,0,0,1,-2,-1,0,0,0,0,0,0,0,0,0,-1,0,-1,0,0,0,0,0,0
Bloque,338,Deltas,0,0,0,1,0,0,0,0,0,0,0,0,0,0,1,0,2,0,-1,-1,0,0,0,0,0,1,0,1,1,0,0,0,0,0,0,0,-1,0,1,1,0,0,0,0,0,0,0,0,0,1,1,0,0,0,0,0,0,0,0,0,1,2,0,0,0,0,0,0,0,0,0,1,2,0,0,0,0,0,0,0,0,0,1,1,0,0,0,0,0,0,0,1,0,0,0,0,0,0,0,0,0,0,1,0,0,0,0,0,0,0,0,0,0,0,0,0,0,0,0,0,0
Bloque,339,Deltas,0,0,-2,1,0,0,0,0,0,0,0,0,-1,2,2,-1,0,0,0,0,0,0,0,0,0,0,0,0,0,0,0,0,0,0,0,0,0,0,0,0,0,0,0,0,0,0,0,0,0,0,0,0,0,0,0,0,0,0,0,0,0,0,0,0,0,0,0,0,0,0,0,0,0,0,0,0,0,0,0,0,-2,0,0,0,0,0,0,0,0,0,0,0,0,0,0,0,0,-1,0,0,0,0,0,0,0,0,0,0,-2,0,0,0,0,0,0,0,0,0,0,0,0
Bloque,340,Deltas,0,0,0,0,0,0,0,0,0,0,0,0,0,0,0,0,0,0,0,0,0,0,0,0,0,0,0,0,0,0,0,0,0,0,0,0,0,0,0,0,0,0,0,0,0,0,0,0,0,0,0,0,0,0,0,0,0,0,0,0,0,0,0,0,0,0,0,0,0,0,0,0,0,0,0,0,0,0,0,0,0,0,0,0,0,0,0,0,0,0,0,0,0,0,0,0,0,0,0,0,0,0,0,0,0,0,0,0,0,0,0,0,0,0,0,0,0,0,0,0,0
Bloque,341,Deltas,0,0,0,0,0,0,0,0,0,0,0,0,0,0,0,0,0,0,0,0,0,0,0,0,0,0,0,0,0,0,0,0,0,0,0,0,0,0,0,0,0,0,0,0,0,0,0,0,0,0,0,0,0,0,0,0,0,0,0,0,0,0,0,0,0,0,0,0,0,0,0,0,0,0,0,0,0,0,0,0,0,0,0,0,0,0,0,0,0,0,0,0,0,1,1,0,0,0,0,0,0,0,0,0,1,1,1,0,0,0,0,0,0,0,0,0,0,0,0,0,0
Bloque,342,Deltas,0,-1,-1,0,1,2,0,-1,0,0,-2,0,-1,0,0,0,-1,0,0,-2,1,-4,0,0,0,0,-1,-2,0,0,-2,-2,-2,0,1,0,-1,-1,0,-2,0,2,-5,3,0,1,0,-2,-2,0,-2,-1,0,1,-5,0,0,0,0,-1,-1,0,0,-1,0,-1,0,-1,0,0,0,-1,0,0,-1,0,1,0,-2,-1,0,1,0,-1,-1,0,2,0,0,0,0,0,-1,0,0,-6,0,0,0,0,0,0,0,0,-1,0,-4,-4,0,0,0,1,0,0,1,0,-1,1,-6,0,0
Bloque,343,Deltas,-2,3,-3,0,2,0,1,-4,0,3,-1,-3,4,-2,0,1,0,-3,0,3,-2,-1,1,1,-2,0,1,0,-1,-3,2,2,-1,4,-3,-3,0,2,0,0,-2,1,1,-2,0,3,-3,0,4,-1,0,0,0,0,-4,-2,2,-2,0,4,-2,0,0,0,0,-1,-3,0,1,-1,1,-2,0,0,-1,-1,0,0,-2,2,-2,0,-3,0,0,-1,-1,-2,0,0,-1,4,0,0,4,-3,-1,-1,1,0,0,-1,-2,0,-2,1,0,-4,0,1,0,0,2,-1,1,2,-1,0,-2,3,1
Bloque,344,Deltas,1,1,-1,0,0,0,0,0,-2,1,0,1,1,-1,0,0,0,0,0,1,-1,0,2,1,-1,0,0,0,0,0,1,-1,0,1,1,-1,0,0,0,0,0,-1,2,0,4,-1,-1,0,1,0,2,0,0,0,0,5,-1,-4,-1,-2,-1,-1,0,0,0,0,3,0,-5,0,-1,0,0,0,0,0,0,1,2,-2,0,1,0,0,0,0,0,0,-1,0,-2,4,2,0,3,-4,0,0,0,-2,0,-3,8,0,2,0,-4,1,0,-1,-2,0,-2,0,3,0,2,-2,-1,0,-5
Bloque,345,Deltas,0,0,0,0,-1,-1,-1,-1,0,0,0,-1,0,0,0,-1,-1,-1,-2,0,0,0,0,0,0,-2,-1,-1,-1,-1,0,0,0,0,0,0,0,-1,-1,-1,-2,0,0,0,-1,-1,2,1,-1,-1,-1,0,0,0,0,0,1,-1,0,0,-1,0,-1,0,0,0,1,0,0,-2,0,1,-1,0,0,0,0,0,0,-1,0,0,0,1,1,0,0,0,0,0,0,0,0,0,0,0,1,-1,-1,0,0,0,0,0,0,0,0,-2,-2,0,0,0,0,0,0,0,0,0,0,2,0
Bloque,346,Deltas,0,0,0,0,0,-1,1,1,-1,1,0,0,0,0,0,0,-1,1,0,0,0,0,0,0,0,0,0,0,-1,-1,2,0,0,0,0,0,0,1,0,-1,-1,1,3,-2,0,0,0,0,0,0,-1,-1,0,0,-2,0,0,0,0,0,0,-1,0,0,1,-2,0,0,0,0,0,1,0,0,0,1,0,0,0,0,0,0,1,0,0,0,2,-1,0,0,-2,0,-1,0,0,0,-1,0,0,1,1,0,1,0,0,0,0,0,0,0,-3,-1,-1,-3,-1,0,0,0,0,0,-1
Bloque,347,Deltas,0,0,0,0,0,0,-1,-1,-1,-1,0,0,0,0,0,0,0,-1,-1,-1,-1,0,0,0,0,0,-1,-1,0,0,0,0,0,0,0,0,0,-1,-1,0,0,0,0,0,-1,0,-2,0,0,0,-1,-1,0,0,0,0,0,0,0,0,0,-1,-1,0,0,1,0,2,0,0,1,1,1,1,0,0,0,0,1,0,0,1,1,1,1,0,0,-2,-1,-2,-1,-1,0,0,-1,-1,-1,-1,-1,1,2,-1,-1,0,0,-1,-1,-1,-1,0,-3,-4,0,0,0,0,0,0,0,0,1
Bloque,348,Deltas,0,0,0,0,-5,-1,-2,-6,1,1,4,0,0,0,-4,-5,4,0,-2,2,0,1,0,-1,-1,-2,0,2,0,-3,1,0,-1,0,-1,-1,2,-1,1,6,-2,-1,1,0,0,-1,-1,0,0,0,0,0,0,-1,-1,0,-2,0,0,0,0,0,-1,-1,-1,-1,0,-1,0,-1,-1,0,0,-1,-1,-1,-1,0,0,-1,0,-1,0,0,-1,-1,-1,-1,0,1,0,1,0,0,0,0,0,0,0,0,0,0,1,-1,0,0,0,0,0,0,0,-1,-1,2,1,-1,-1,-1,-1,-1,-1
Bloque,349,Deltas,-2,0,-1,1,0,0,0,0,0,-1,-4,-1,0,-1,1,1,0,-1,-2,1,0,-1,1,-1,-1,-2,0,0,-1,-2,-1,-3,-3,1,-1,-1,-3,-2,-1,0,1,-7,-3,-1,-1,-2,1,-1,0,-5,-3,0,-3,2,0,-1,-2,0,-1,2,-2,-6,2,1,-6,0,-1,0,-2,-1,-1,-4,-1,-2,2,2,0,0,2,-2,-1,-1,-2,-3,0,1,1,-2,0,1,-1,-3,-1,-1,1,1,-2,0,0,0,0,-1,-2,-1,-1,0,1,-1,0,0,-1,-2,0,2,1,1,0,0,-2,1,1
Bloque,350,Deltas,-2,-1,-1,0,0,-1,-4,1,1,-2,-1,-3,-2,-1,1,2,-3,0,-4,2,-1,1,0,4,2,0,-1,-2,-1,0,-1,1,0,0,3,2,2,1,-1,0,0,-2,0,-2,1,1,1,0,-3,-1,0,-3,0,1,2,0,-1,0,0,-1,-1,0,-1,0,-2,-1,0,-1,0,0,-1,-1,-3,-3,-3,0,0,-3,1,2,0,-3,1,-2,1,0,1,-1,-4,0,-1,0,-1,1,-2,1,-2,-1,-1,-2,-2,0,-1,0,-1,0,-1,0,0,0,0,1,2,0,2,0,-2,0,-1,0,0
Bloque,351,Deltas,-2,0,-1,1,-1,0,-1,-1,-1,-1,0,0,2,-1,0,-1,0,-1,-1,-1,-1,0,1,0,0,-1,0,-1,0,0,0,0,1,0,-1,0,-1,1,-2,1,1,1,1,2,-1,0,0,0,1,-3,1,-1,1,0,1,-2,0,-2,-1,2,0,-1,-2,1,-2,2,2,1,0,3,-1,-2,0,-4,-1,0,-2,0,-2,-3,1,0,0,0,0,2,0,-4,-1,-1,0,0,0,0,-2,0,-1,1,-3,0,0,-2,-2,-1,-1,-1,0,-2,2,1,0,0,-1,-1,-1,-1,1,-1,0,-1,0
Bloque,352,Deltas,0,0,0,-2,-1,2,3,-2,-1,1,0,0,0,-1,1,1,0,0,1,-1,0,2,0,-1,-2,3,1,0,-1,1,2,0,-2,2,-1,-2,2,1,0,0,1,-1,-4,-3,-2,-3,-1,1,0,0,0,0,-3,2,0,0,-2,0,2,3,1,0,-2,0,-1,-4,-3,-1,1,-2,0,-1,-4,1,0,-4,-1,-4,-3,-2,-1,1,0,-4,0,3,2,1,-1,2,-3,-1,3,1,-3,-1,-3,-1,-3,-2,0,-3,1,0,-1,-1,1,1,3,1,-5,-1,2,0,-3,-1,1,-1,2,-2,1
Bloque,353,Deltas,0,0,0,0,0,0,0,0,-1,-2,-1,0,0,0,0,0,0,0,0,0,-2,0,1,1,-2,0,0,0,0,0,1,0,0,1,1,-2,0,0,0,0,0,2,0,2,-13,-6,20,22,-9,-4,-2,-11,11,-4,0,10,0,-2,6,7,5,10,8,0,0,1,-3,7,-16,4,11,8,0,6,12,13,10,-3,-11,-22,-8,-1,-6,-7,-7,-8,-8,-6,0,-12,-1,-1,-3,-4,-2,0,-1,-1,0,0,0,-1,0,0,0,0,0,0,0,0,50,47,40,37,35,34,30,28,26,23,21
Bloque,354,Deltas,2,0,-1,0,3,1,-9,0,0,0,0,4,-3,1,5,4,0,-1,0,0,0,0,3,6,7,0,0,0,0,0,0,0,0,5,0,1,0,0,0,0,0,0,0,0,0,0,0,0,0,0,0,0,0,0,0,4,0,0,0,0,0,0,0,0,0,0,6,5,6,5,4,4,3,2,4,5,7,-6,-4,-4,-2,-2,-2,-3,-4,-4,-3,-5,0,0,0,0,0,-1,-1,-1,-1,-1,-14,0,0,0,0,0,0,0,0,0,5,-14,20,20,20,19,19,19,20,4,-16,-14,15
Bloque,355,Deltas,0,0,0,0,0,0,0,0,0,0,0,0,0,0,0,0,0,0,0,0,0,-6,0,0,0,0,0,0,0,0,0,0,0,0,0,0,0,0,0,0,0,0,2,-15,0,0,0,0,0,0,0,0,1,1,-1,0,0,0,0,0,0,0,0,1,1,-4,5,1,0,0,0,0,0,0,0,-3,1,-5,-3,0,0,0,0,0,0,-1,-1,0,-17,-6,0,0,0,0,0,0,-1,2,1,-7,7,0,0,0,0,0,0,0,0,1,9,3,4,0,0,0,0,0,-1,0,0
Bloque,356,Deltas,0,0,0,0,2,8,-6,0,0,0,0,0,0,-3,-23,2,13,-16,0,0,0,0,-4,-12,13,4,4,-10,-10,0,0,0,0,-10,-5,-9,1,2,11,17,1,0,0,0,-1,3,-1,-4,5,-1,1,0,-3,-3,1,1,2,-1,-2,2,-1,0,1,-5,-1,3,-4,-2,-2,2,2,1,0,-2,-5,1,4,-1,-3,-4,3,0,1,0,-2,-3,1,-2,-2,-6,0,4,0,0,1,-4,0,2,3,-2,-6,3,0,0,0,1,-7,2,3,4,-2,-4,5,-1,0,-1,-3,-5,5,2,-2
Bloque,357,Deltas,0,0,1,-3,-2,-3,-1,-1,-2,4,2,0,0,0,-1,-3,-1,0,0,3,2,-2,0,0,-1,0,-1,-1,4,4,3,0,0,0,0,0,0,-4,3,4,-1,-1,2,3,-7,-1,0,1,0,0,0,0,-1,2,1,-4,-2,-1,3,0,0,0,0,-1,-2,0,-3,-1,3,0,0,0,0,0,-3,1,2,0,3,1,1,0,0,0,0,1,2,0,7,2,-3,2,3,-2,-2,2,0,-2,-1,-1,1,2,1,-3,1,3,-2,-1,1,2,0,-1,-3,-2,-1,3,1,-4,1,-1,-1
Bloque,358,Deltas,-1,-3,1,-1,0,-2,5,0,-3,3,-1,-1,-3,-1,-6,1,7,-2,-2,2,1,-1,0,-1,-3,4,5,-1,-2,0,-4,5,0,-2,-2,1,5,-1,-3,2,-2,-1,4,-1,-3,0,0,0,0,0,0,0,0,0,0,1,0,0,0,0,0,0,0,0,0,0,-2,0,0,0,0,0,0,0,0,0,0,-2,0,0,0,0,0,0,0,0,0,0,0,-1,-1,0,0,0,0,0,0,0,0,-1,-1,-1,0,0,0,0,0,0,0,0,1,0,0,0,0,0,0,0,0,0,0
Bloque,359,Deltas,-1,-1,2,-5,-1,2,-1,0,1,-2,3,1,1,0,0,-3,-2,2,-1,0,0,3,0,-1,1,0,-3,1,-1,-1,1,2,0,-4,2,-3,-5,-1,-3,-5,3,3,0,-3,0,0,0,0,0,0,0,0,0,0,0,0,0,0,0,0,0,0,0,0,0,0,0,0,0,0,0,0,0,0,0,0,0,0,0,0,0,0,0,0,0,0,0,0,0,0,0,0,0,0,0,0,0,0,0,0,0,0,0,0,0,0,0,0,0,0,0,0,0,0,0,0,0,0,0,0,0
Bloque,360,Deltas,3,2,0,0,0,0,0,0,0,0,0,0,-2,0,0,0,0,0,0,0,0,0,-2,-1,0,0,0,0,0,0,0,0,0,-3,-1,0,0,0,0,0,0,0,0,0,0,0,0,0,0,0,0,0,0,0,0,0,0,0,0,0,0,0,0,0,0,0,0,0,0,0,0,0,0,0,0,0,0,0,0,0,0,0,0,0,0,0,0,0,0,0,0,0,0,0,0,0,0,0,0,0,0,0,0,0,0,0,0,0,0,0,0,0,0,0,0,0,0,0,0,0,0
Bloque,361,Deltas,0,0,0,0,0,0,0,0,0,0,0,0,0,0,0,0,0,0,0,0,0,0,0,0,0,0,0,0,0,0,0,0,0,0,0,0,0,0,0,0,0,0,0,0,0,0,0,0,0,0,0,0,0,0,0,0,0,0,0,0,0,0,0,0,0,0,0,0,0,0,0,0,0,0,0,0,0,0,0,0,0,0,0,0,0,0,0,0,0,0,0,0,0,0,0,0,0,0,0,0,0,0,0,0,0,0,0,0,0,0,0,0,0,0,0,0,0,0,0,0,0
Bloque,362,Deltas,0,0,0,0,0,0,0,0,0,0,0,0,0,0,0,0,0,0,0,0,0,0,0,0,0,0,0,0,0,0,0,0,0,0,0,0,0,0,0,0,0,0,0,0,0,0,0,0,0,0,0,0,0,0,0,0,0,0,0,0,0,0,0,0,0,0,0,0,0,0,0,0,0,0,0,0,0,0,0,0,0,0,0,0,0,0,0,0,0,0,0,0,0,0,0,0,0,0,0,0,0,0,0,0,0,0,0,0,0,0,0,1,2,0,0,0,0,0,0,0,0
Bloque,363,Deltas,0,0,0,0,0,0,-2,1,-1,-1,3,0,0,0,0,0,0,-4,0,2,0,0,0,0,0,0,0,0,0,2,0,-5,0,0,0,0,0,0,0,1,1,1,2,1,0,0,0,0,0,0,0,0,0,0,0,0,0,0,0,0,0,0,0,0,0,0,0,0,0,-1,0,0,-1,0,0,0,0,0,0,0,0,0,0,0,0,0,0,0,0,0,-2,-1,-3,0,0,0,0,0,0,0,0,-1,5,1,-3,0,0,0,0,0,0,0,-5,0,7,-1,0,0,0,0,0
Bloque,364,Deltas,0,0,0,-1,-1,-1,-2,-4,-52,-84,-48,0,0,0,-1,0,-1,-2,-4,-25,-67,-87,0,0,-2,-1,-1,-1,-2,-3,-2,-15,-30,0,0,-2,0,-1,0,-2,-3,0,0,3,0,0,0,-1,0,-1,0,-2,0,0,0,0,0,0,0,0,-1,0,0,0,2,0,0,0,0,0,0,0,0,0,0,0,0,0,0,0,0,0,0,0,0,0,0,0,0,0,0,0,0,0,0,0,0,0,0,0,0,0,0,0,0,0,0,0,0,0,0,0,0,0,0,0,0,0,0,0,0
Bloque,365,Deltas,-26,-8,12,11,17,22,24,21,18,12,4,-101,-102,-102,-103,-103,-100,-99,-98,-98,-101,-101,-43,-50,-58,-65,-65,-66,-65,-61,-58,-55,-50,4,5,3,1,0,0,-1,-2,-1,0,0,1,1,2,1,1,1,1,2,1,2,1,1,0,1,0,0,0,0,1,0,2,0,0,0,0,0,0,0,0,0,0,0,0,0,0,0,0,0,0,0,0,0,0,0,-1,0,0,0,0,0,0,0,0,0,0,0,0,0,0,0,0,0,0,0,0,0,0,0,0,0,0,0,0,0,0,0,0
Bloque,366,Deltas,-5,-8,-11,-27,-45,-61,-66,-75,-56,-1,-1,-102,-102,-100,-94,-88,-76,-60,-39,-15,0,0,-45,-41,-35,-28,-19,-12,-7,-4,0,1,0,2,2,2,3,0,0,-1,-1,0,-1,-1,0,0,1,2,2,0,1,0,0,0,0,1,1,0,0,0,0,0,0,0,0,0,0,0,0,0,0,0,0,0,0,0,0,0,0,0,0,0,0,0,0,0,0,0,0,0,0,0,0,0,0,0,0,0,0,0,0,0,0,0,0,0,0,-1,0,0,0,0,0,0,0,0,0,-1,0,0,0
Bloque,367,Deltas,-1,0,-1,-2,5,-14,-1,2,-1,0,-1,-2,-1,-3,-1,0,-17,-1,4,-1,-1,-1,0,0,-3,3,-8,-15,1,3,-1,0,-2,0,0,-1,3,-12,-16,5,1,-5,0,-3,0,-1,0,1,-7,-7,7,2,4,0,0,0,0,0,2,-4,-2,7,1,1,-2,-1,0,0,0,2,-8,-2,8,0,1,-3,0,0,0,0,3,-9,-2,9,-4,3,-1,-1,0,0,0,0,-8,0,5,0,0,-4,-1,0,0,0,-2,-11,2,2,-2,1,-3,0,0,0,1,-4,-7,2,3,-2,-1,-4,0
Bloque,368,Deltas,-1,0,-1,0,0,0,-1,0,0,-1,0,0,1,-3,-1,-1,0,0,0,0,0,0,0,-2,-1,-2,0,2,-2,-1,-1,0,0,3,3,-3,0,1,3,-2,0,-2,0,0,1,3,-5,-1,1,1,-1,0,1,0,1,0,-1,-6,0,2,1,-1,0,-1,-1,-1,4,0,-6,0,2,2,-2,1,-1,-1,1,2,-1,-10,0,3,1,-2,2,-2,-2,2,2,-2,-2,-1,3,1,-4,1,-1,-1,1,5,-3,-4,-1,6,1,-3,0,-1,-1,0,5,-6,-2,-1,3,-1,-2,0,-2,-1,3
Bloque,369,Deltas,-2,-2,-1,0,0,-2,-1,0,0,0,0,-1,0,0,0,-1,0,0,0,0,0,0,0,-2,-1,2,0,-1,0,-1,0,0,0,0,-1,-1,1,0,-1,-1,0,0,0,0,0,0,0,0,0,0,0,0,0,0,0,0,0,0,0,0,0,0,0,0,0,0,0,0,0,0,0,0,0,0,0,0,0,0,0,0,0,0,0,0,0,0,0,0,0,0,0,0,0,0,0,0,0,0,0,0,0,0,0,0,0,0,0,0,0,0,0,0,0,0,0,0,0,0,0,0,0
Bloque,370,Deltas,0,0,0,-1,0,0,1,0,0,0,0,0,0,0,-1,1,-1,0,0,0,0,0,0,0,0,-2,1,-1,0,0,0,0,0,0,0,0,-1,1,-1,0,0,0,0,0,0,0,0,-1,1,-1,0,0,0,-2,-2,0,0,0,-1,0,0,0,0,0,-2,-2,0,0,0,0,0,0,1,0,0,-2,-2,0,0,0,0,0,0,1,0,0,-2,-2,0,0,0,0,-2,2,1,0,0,0,0,0,0,0,0,0,0,0,0,0,0,0,0,0,0,0,0,-1,-1,-1,-1,0,0
Bloque,371,Deltas,0,0,0,0,0,0,0,0,0,0,0,0,0,0,0,0,0,0,0,-2,1,-1,0,0,0,0,0,0,0,0,-1,0,0,0,0,0,0,0,0,0,0,0,0,0,-1,-1,0,0,0,0,0,0,0,0,0,-1,-1,0,0,0,0,0,0,0,-1,0,-1,-1,0,0,0,0,0,-2,0,0,0,-1,0,0,0,0,0,0,0,0,-1,0,0,-1,0,0,0,0,0,0,0,0,0,0,0,0,0,0,0,0,0,0,1,0,0,0,0,0,0,0,0,0,0,0,0
Bloque,372,Deltas,0,0,0,0,0,0,0,0,0,0,0,0,0,0,0,0,0,0,0,0,0,0,0,0,0,0,0,0,0,0,0,0,0,0,0,0,0,0,0,0,0,0,0,0,0,0,0,0,0,0,0,0,0,0,0,0,0,0,0,0,0,0,0,0,0,0,0,0,0,0,0,0,0,0,0,0,0,0,0,0,0,0,0,0,0,0,0,0,0,0,0,0,0,0,0,0,0,0,0,0,0,0,0,0,0,0,0,0,0,0,0,0,0,0,0,0,0,0,0,0,0
Bloque,373,Deltas,0,0,0,-1,0,0,0,0,0,0,0,0,0,0,-1,0,0,0,0,0,0,0,0,0,0,0,0,0,0,0,0,0,0,0,0,0,0,0,0,0,0,0,0,0,0,0,0,0,0,0,0,0,0,0,0,0,0,0,0,0,0,0,0,0,0,0,0,0,0,0,0,0,0,0,0,0,0,0,0,0,0,0,0,0,0,0,0,0,0,0,0,0,0,0,0,0,0,0,0,0,0,0,0,0,0,0,0,0,0,0,0,0,0,0,0,0,0,0,0,0,0
Bloque,374,Deltas,0,0,2,1,0,0,0,-1,0,0,0,0,0,2,1,0,0,0,0,0,0,0,0,0,0,0,2,0,0,0,-1,0,0,0,0,0,0,1,1,0,0,0,0,0,0,0,0,0,0,0,0,0,0,0,0,0,0,0,0,0,0,0,0,0,0,0,0,0,0,0,0,0,0,0,0,0,0,0,0,0,0,0,0,0,0,0,0,0,0,0,0,0,0,0,0,0,0,0,0,0,0,0,0,0,0,0,0,0,0,0,0,0,0,0,0,0,0,0,0,0,0
Bloque,375,Deltas,0,0,2,2,-2,-4,2,-3,-3,2,0,0,0,3,1,-1,-2,-1,3,-3,0,0,0,0,0,0,0,-1,-2,2,1,-1,0,0,0,-2,0,0,0,1,-3,4,-2,0,0,0,0,0,-1,0,-1,-1,1,3,-2,0,0,0,0,0,0,1,0,-2,-1,1,0,0,-1,-1,-1,-1,1,0,-1,-2,2,0,0,-1,0,-1,0,-1,0,2,0,-2,0,0,-1,-1,0,1,-1,0,0,0,-1,0,0,0,0,0,0,0,0,0,0,0,0,0,0,0,0,-1,0,0,0,0,2
Bloque,376,Deltas,-2,-1,2,1,-5,0,0,-1,0,0,1,-2,-1,3,-1,0,-6,-1,6,1,2,-3,-2,-2,3,4,2,-1,-9,4,2,-2,1,-2,-1,2,0,3,3,-3,-3,5,-3,-3,0,0,2,-2,1,0,0,-1,0,-1,-4,-3,-1,1,-1,-1,2,0,-1,0,-1,-4,-1,-1,0,0,-3,1,1,1,-1,-3,-1,5,0,-2,-1,-1,-2,2,-2,2,0,-4,0,0,-1,1,-3,0,0,-5,0,0,1,-1,-1,0,0,0,1,-1,-2,1,1,2,0,-2,0,0,0,1,-1,-5,0,0,0
Bloque,377,Deltas,0,0,0,0,0,0,0,0,-1,-1,0,0,0,0,0,0,0,0,0,-1,-1,0,1,1,0,0,0,0,0,0,0,0,-1,1,1,0,0,0,0,0,0,1,0,-2,1,-2,0,-2,-1,0,0,1,-1,0,-2,1,3,-3,2,0,0,0,0,-1,0,-2,6,-1,-4,-1,1,1,0,0,-1,0,-3,3,2,-3,-6,3,1,0,-1,-1,0,-2,-2,-1,0,-1,-2,-3,-1,0,0,0,0,-2,-1,0,-1,-1,-1,0,0,-1,-1,-1,-1,1,0,-2,-2,-2,-1,-1,-1,-1,-2
Bloque,378,Deltas,1,0,0,0,0,0,2,-1,1,0,-2,0,0,0,0,0,1,3,0,2,0,-1,-1,0,0,0,0,-2,-1,-2,-1,0,1,-1,0,0,0,0,-1,0,-3,0,-1,3,0,-2,-1,2,0,0,0,0,0,0,0,0,-2,0,-2,1,0,0,0,-1,0,0,0,1,0,-2,0,2,0,-1,-2,0,0,0,1,0,1,-2,2,2,-1,-2,0,0,0,0,0,0,0,-3,-1,1,1,0,0,-1,0,0,0,0,-1,-2,0,2,0,0,-1,0,0,0,0,0,-2,-1,1,0,0
Bloque,379,Deltas,-3,0,-3,-1,0,0,-1,-1,-2,-3,-1,-2,0,-2,-2,-1,0,0,0,-1,-1,0,1,0,0,-1,-1,-1,0,0,0,0,2,2,0,0,0,-1,-3,-1,-1,-1,-1,0,0,0,0,3,0,-2,-2,-1,0,1,-2,0,0,0,0,1,1,1,-1,-2,-4,0,0,0,0,0,-1,-3,1,0,1,0,-4,0,0,0,0,-3,-3,-3,0,1,3,2,0,0,-1,-1,0,-1,0,-1,-1,-1,0,0,0,0,-1,-1,-2,-1,0,-1,0,0,0,0,-1,-1,0,0,-1,-1,2,0,0
Bloque,380,Deltas,-1,1,-3,-2,0,0,0,1,1,1,1,0,-1,-3,-1,-1,0,0,1,1,1,1,1,0,1,0,-1,0,0,0,0,0,0,1,0,2,2,0,0,0,0,0,0,0,-1,-1,1,0,0,0,0,-1,-1,0,0,-2,-3,0,1,2,0,-1,2,-1,1,-3,-2,0,-3,-2,-3,-1,1,0,-4,2,0,0,-2,-1,-1,-1,-1,-2,0,0,-2,-2,1,2,-1,0,1,0,-3,0,0,0,0,-1,2,1,-2,1,-3,3,0,0,0,0,0,0,2,-2,6,1,-1,0,0,0,0
Bloque,381,Deltas,0,-1,-2,0,0,0,0,0,-2,-1,0,0,1,-3,1,0,0,0,0,-2,-1,0,0,1,-3,1,0,0,0,0,-2,-1,1,0,-1,-1,0,0,0,0,0,-2,-1,1,-1,-1,0,2,0,0,0,0,0,0,0,-2,0,1,-1,0,0,0,0,0,0,0,1,-1,-1,0,0,0,0,0,0,0,0,0,1,0,-3,0,0,0,0,0,0,0,0,0,0,0,0,0,0,0,0,0,0,0,0,0,0,0,0,0,0,0,0,0,0,0,0,0,0,0,0,0,0,0,0
Bloque,382,Deltas,2,2,-3,1,-1,0,0,-3,1,0,0,1,-1,1,1,-1,-1,1,0,-1,0,0,2,2,-2,-1,1,1,-3,-1,0,0,0,2,0,-3,3,-2,0,-1,1,-1,0,0,0,1,0,0,2,-3,-1,1,1,0,0,0,-2,0,0,-2,-1,-2,0,1,0,0,0,-3,0,0,-1,0,-1,-2,-2,0,0,0,1,0,0,1,0,0,-1,-4,0,0,0,-1,-1,0,1,-1,2,-1,0,0,0,0,1,0,-1,-2,-2,1,-1,0,0,0,0,1,0,-1,-1,-2,0,-1,0,0,0
Bloque,383,Deltas,0,0,-1,-2,-1,-1,4,-2,0,-2,0,0,0,-1,-1,-1,-1,-1,1,-3,2,1,0,0,-1,-1,-1,-2,0,-1,-1,0,-2,0,0,-1,-2,-1,-1,-1,-2,0,2,3,0,0,0,-1,-2,-2,-1,2,0,1,1,0,0,0,-1,-2,-2,-2,1,1,0,0,0,0,2,1,0,0,0,1,3,1,-2,0,0,-1,-2,-2,-4,-3,-3,0,-3,-2,0,0,0,0,0,0,-1,0,2,-2,-1,0,0,0,0,0,0,0,-1,0,0,0,0,0,0,0,0,0,-1,0,3,-1,1
Bloque,384,Deltas,0,-3,0,0,1,1,0,-1,-3,1,0,-2,0,0,-5,-1,1,0,-3,0,-1,1,-1,-1,4,0,1,1,0,-3,0,-3,0,-1,-2,-2,-4,-2,1,0,0,-2,0,0,0,1,-2,2,-1,0,-1,-1,-3,1,0,1,4,1,-1,-2,1,0,-1,3,4,0,1,2,0,1,-1,0,-2,-2,4,2,1,0,-3,-4,0,-1,1,0,-2,0,-1,1,2,-1,0,-1,1,-1,0,-2,-3,0,2,0,-1,1,-1,2,-1,0,-1,4,4,-3,-2,0,0,-1,1,-1,0,0,0,-2,-4
Bloque,385,Deltas,119,118,114,113,113,107,107,110,112,113,116,-6,1,7,12,16,16,19,22,24,28,32,-20,-15,-15,-16,-19,-21,-30,-36,-35,-37,-34,39,42,45,47,50,50,24,5,3,-6,-4,34,32,29,40,55,58,35,21,16,12,-1,-21,-21,-22,-8,15,23,12,22,5,26,-6,-7,-3,-2,7,8,5,11,-6,-28,-28,-7,4,4,6,8,1,8,-5,-21,-62,-101,-14,-2,0,3,7,-6,-8,53,2,-58,-67,-23,-1,-1,4,4,-3,9,53,-16,-63,-47,-23,6,5,14,25,29,31,40,0,-36,-16,-8
Bloque,386,Deltas,118,117,115,116,104,95,15,-64,-51,0,1,34,34,34,36,42,24,-49,-90,-53,-4,-4,-34,-27,-21,-17,-2,13,-36,-84,-60,-8,6,-6,11,19,21,44,58,-9,-75,-57,-5,14,-6,8,14,22,56,70,6,-67,-54,-7,10,-19,-13,-5,1,45,71,22,-53,-52,-19,9,-12,4,-4,-4,35,63,40,-44,-57,-20,18,-9,7,-4,4,25,62,48,-35,-66,-14,8,-15,-3,-2,8,17,60,56,-26,-68,-10,9,-6,-6,-7,10,22,59,56,-8,-53,-33,9,-8,-6,7,17,10,44,61,-10,-55,-34,10
Bloque,387,Deltas,-4,7,0,0,0,0,0,0,0,0,0,5,-1,0,0,0,0,0,0,-1,-1,0,2,-16,0,0,0,0,0,0,-1,-1,-2,0,-5,-4,-2,0,0,0,0,0,0,-4,3,7,-2,0,0,0,0,0,0,0,-5,8,-6,-2,2,0,0,0,0,0,0,-2,-4,-9,-1,-1,0,0,0,0,0,0,-1,-5,-6,-2,-1,0,0,0,0,0,0,2,-1,-5,-3,-1,0,0,0,0,0,0,2,-4,-5,-1,0,0,0,0,0,0,-1,-1,0,-6,1,1,0,0,0,0,0,-2,-1
Bloque,388,Deltas,-5,2,3,-2,0,-4,-1,4,1,-1,-2,-5,3,3,-4,-2,-1,4,0,-1,0,-1,0,4,-2,-5,1,5,1,-2,-2,1,-3,1,1,-7,5,5,1,-1,0,1,-4,-7,-3,-1,4,6,0,-2,1,-2,-5,-6,4,0,6,0,-2,-4,-2,-3,-3,0,3,1,3,0,1,-2,-2,0,-9,4,9,1,-4,2,1,2,-1,-2,-6,0,6,1,-4,5,-1,0,1,-2,-7,4,6,-1,-6,3,1,-2,-1,-4,-6,4,5,-4,-1,1,-1,0,0,-6,-7,4,6,-1,-6,0,-3,1,-1
Bloque,389,Deltas,1,-5,-10,5,1,-2,-2,3,-2,0,0,-2,-5,0,3,0,-2,0,-2,-1,2,-2,-6,-1,5,0,-2,1,-2,0,0,-1,0,3,5,-2,-2,0,-3,2,-1,-3,2,-3,2,-2,-1,4,-1,0,-1,0,0,0,-2,-4,0,1,2,0,1,0,0,1,-1,-1,-2,1,-1,5,-2,0,-3,0,0,-1,-1,1,2,-4,6,2,1,0,1,-1,0,0,1,0,1,0,0,-4,2,-2,-1,2,2,0,-2,-1,0,-2,-1,-2,-3,-1,-1,0,-1,3,-4,1,0,-2,-4,-1,-1,-1,0
Bloque,390,Deltas,-1,0,0,0,0,0,0,0,0,0,0,1,0,-2,2,-2,0,0,0,0,0,0,0,-1,1,-5,2,0,0,0,0,0,0,1,1,-1,-1,0,0,0,0,0,0,0,0,-1,0,1,-1,0,0,0,0,0,0,1,0,0,0,0,-1,1,-1,0,0,0,0,0,0,0,0,0,-1,1,-1,0,0,-1,0,0,0,0,0,-1,1,-1,0,0,-1,0,0,0,0,-1,1,-1,0,0,0,1,1,4,0,-3,1,0,-1,-1,1,3,1,4,-1,-3,0,-2,-1,0,2,3,-1
Bloque,391,Deltas,0,0,0,0,0,0,0,0,0,0,0,0,0,0,0,0,0,0,0,0,0,0,0,0,0,0,0,0,0,0,0,0,0,0,0,0,0,0,0,0,0,0,0,0,0,0,0,0,0,0,0,0,0,0,0,0,0,0,0,0,0,0,0,0,0,0,0,0,0,0,0,0,0,0,0,0,0,0,0,0,0,0,0,0,0,0,0,0,0,0,0,0,0,0,0,0,0,0,0,-1,-3,1,0,-1,0,0,0,0,0,0,-2,1,-1,0,-1,0,0,0,0,0,0
Bloque,392,Deltas,0,0,0,0,0,0,0,0,0,0,0,0,0,0,0,0,0,0,0,0,0,0,0,0,0,0,0,0,0,0,0,0,0,0,0,0,0,0,0,0,0,0,0,0,0,0,0,0,0,0,0,0,0,0,0,0,0,0,0,0,0,0,0,0,0,0,0,0,0,0,0,0,0,0,0,0,0,0,0,0,0,0,0,0,0,0,0,0,0,0,0,0,0,0,0,0,0,0,0,0,0,0,0,0,0,0,0,0,0,0,0,0,0,0,0,0,0,0,0,0,0
Bloque,393,Deltas,0,0,0,0,0,0,0,0,0,0,0,0,0,0,0,0,0,0,0,0,0,-1,0,0,0,0,0,0,0,0,0,0,3,0,0,0,0,0,0,0,0,0,1,4,0,0,0,0,0,0,0,0,0,2,1,0,0,0,0,0,0,0,0,2,3,-4,0,0,0,0,0,0,0,0,2,-2,-2,0,0,0,0,0,0,0,0,-3,-4,0,0,0,0,0,0,0,0,0,-3,0,0,0,0,0,0,0,0,0,0,1,0,0,0,0,0,0,0,0,0,0,0,0,0
Bloque,394,Deltas,0,2,0,0,0,0,0,0,0,0,0,3,3,-1,-1,0,0,0,0,0,0,2,3,-2,-1,0,0,0,0,0,0,0,1,-2,-3,0,0,-1,0,-1,0,0,-1,0,-3,0,1,0,-2,0,-1,-1,0,-1,-2,-1,1,0,-1,0,-1,-1,0,-2,0,-4,0,0,0,0,0,-1,-1,-2,-1,-5,-5,1,0,0,0,0,-1,-1,-1,-1,-7,0,-1,-2,0,0,0,-1,-1,0,-3,0,4,0,0,0,0,0,-4,0,-1,-4,5,4,0,0,0,0,0,-2,1,-6,0,5,-1
Bloque,395,Deltas,-1,0,-5,0,2,-1,0,0,0,0,0,1,-5,-1,8,1,0,0,0,0,0,0,-1,-6,4,3,-1,1,0,0,0,0,0,-3,0,7,0,0,0,0,0,0,0,0,-4,6,2,-1,0,0,0,0,0,0,0,0,6,-1,0,0,0,0,0,0,0,0,4,-2,0,0,0,0,0,0,0,0,0,5,-3,0,0,0,0,0,0,0,0,0,-2,2,0,0,0,0,0,0,0,0,0,-1,1,0,0,0,0,0,0,0,0,0,0,0,0,0,0,0,0,0,0,0,0
Bloque,396,Deltas,0,0,0,0,0,0,0,0,0,0,0,0,0,0,0,0,-2,0,0,0,0,0,0,0,0,0,0,0,0,0,0,0,0,0,0,0,0,0,0,0,-1,0,0,0,0,0,0,0,0,0,0,0,0,0,0,0,0,0,0,0,0,0,0,0,-1,0,0,0,0,0,0,0,0,0,0,0,0,0,0,0,0,0,0,0,0,0,0,0,0,0,0,0,0,0,0,0,0,0,0,0,0,0,0,0,0,0,0,0,0,0,0,0,0,0,0,0,0,0,0,0,0
Bloque,397,Deltas,0,0,0,0,0,0,0,0,0,0,0,0,0,0,0,0,0,0,0,0,0,0,0,0,0,0,0,0,0,0,0,0,0,0,0,0,0,0,0,0,0,0,0,0,0,0,0,0,0,0,0,0,0,0,0,0,-1,0,0,0,0,0,0,0,0,0,0,0,0,0,0,0,0,0,0,0,0,0,0,0,0,0,0,0,0,0,0,0,0,0,0,0,0,0,0,0,0,0,0,0,0,0,0,0,0,0,0,0,0,0,0,0,0,0,0,0,0,0,0,0,0
Bloque,398,Deltas,0,0,0,0,-2,-2,-2,0,0,-1,-1,0,0,0,0,0,0,0,0,0,0,0,0,-2,-2,-2,0,0,0,0,0,-1,-1,0,0,0,0,0,0,0,0,-1,0,0,0,0,0,0,0,0,0,-1,-2,-2,-1,0,0,0,0,0,0,0,0,0,0,0,0,0,0,0,0,0,0,0,0,0,-1,0,0,0,0,2,2,0,0,0,-2,0,0,0,0,0,0,0,0,0,0,0,0,0,0,0,0,0,0,0,0,0,0,0,0,0,0,0,0,0,0,0,-1,0,0
Bloque,399,Deltas,-1,-1,0,-5,-2,9,0,-2,0,1,2,0,0,1,-4,1,11,2,1,-4,-1,4,0,0,0,-11,-5,2,0,0,-4,0,0,0,0,4,-8,-4,6,-3,0,-2,0,0,-1,0,-2,-5,0,4,-4,2,-2,0,0,0,0,-3,-7,6,7,0,-1,-4,-1,1,0,0,-5,-9,7,4,0,-1,-3,1,-2,0,0,-5,-4,6,0,0,1,0,4,3,0,0,-7,-1,9,0,0,-1,0,0,-2,0,0,0,0,0,0,1,2,-1,1,1,0,-1,0,1,0,0,2,0,1,2,3
Bloque,400,Deltas,5,-5,-2,-1,5,0,-2,1,-2,-2,2,5,-4,-4,-2,4,0,-2,0,-2,-2,1,4,-7,-3,-1,6,0,-2,0,-2,-1,2,1,-8,-1,-2,4,-1,-2,1,-2,-2,3,4,-7,-1,-2,3,0,-2,1,-2,-1,3,5,-8,1,-2,4,-1,-2,0,-2,-2,1,-2,-7,1,0,5,-4,-1,0,-4,-1,0,0,-7,0,-2,3,-4,0,-3,-6,-4,1,-1,-8,2,-2,1,1,4,0,-3,-1,0,1,-2,0,0,2,-1,-2,2,-2,0,1,-1,-4,-2,0,3,-1,0,0,-1,0,0
Bloque,401,Deltas,0,0,0,0,0,0,0,0,0,0,0,0,0,0,0,0,0,0,0,0,0,0,0,0,0,0,0,0,0,0,0,0,0,0,0,0,0,0,0,0,0,0,0,0,0,0,0,0,0,0,0,0,0,0,0,0,0,0,0,0,0,0,0,0,0,0,0,0,0,0,0,0,0,0,0,0,0,0,1,0,0,0,0,0,-2,0,0,0,0,0,-2,0,0,0,0,0,2,0,0,0,2,-3,-1,4,0,0,-2,-2,0,0,0,1,-7,0,7,0,1,-2,0,0,0
Bloque,402,Deltas,0,0,0,0,0,-1,-2,-1,-1,0,0,0,0,0,0,0,0,-2,0,1,0,0,0,0,0,0,0,1,-3,-2,1,0,0,0,0,0,0,0,2,-1,0,-2,0,0,0,0,0,0,0,3,-3,-1,0,0,0,0,0,0,1,2,-2,0,0,0,0,0,0,0,0,1,3,-4,-1,0,0,0,0,0,0,0,1,2,-1,-1,0,0,0,0,0,0,0,0,1,-1,-1,0,0,0,0,0,0,0,0,0,0,0,0,0,0,0,0,0,0,0,0,0,0,0,0,0,0
Bloque,403,Deltas,0,0,0,0,0,0,0,0,0,0,0,0,0,0,0,0,0,0,0,0,0,0,0,0,0,0,0,0,0,0,0,0,0,0,0,0,0,0,0,0,0,0,0,0,0,0,0,0,0,0,0,0,0,0,0,0,0,0,0,0,0,0,0,0,0,0,0,0,0,0,0,0,0,0,0,0,0,0,0,0,0,0,0,0,0,0,0,0,0,0,0,0,0,0,0,0,0,0,0,0,0,0,0,0,0,0,0,0,0,0,0,0,0,0,0,0,0,0,0,0,0
Bloque,404,Deltas,0,0,0,0,0,0,0,0,0,0,0,0,0,0,0,0,0,0,0,0,0,0,0,0,0,0,0,0,0,0,0,0,0,0,0,0,0,0,0,0,0,0,0,0,0,0,0,0,0,0,0,0,0,0,0,0,0,0,0,0,0,0,0,0,0,0,0,0,0,0,0,0,0,0,0,0,0,0,0,0,0,0,0,0,0,0,0,0,0,0,0,0,0,0,0,0,0,0,0,0,0,0,0,0,0,0,0,0,0,0,0,0,0,-1,0,0,0,0,0,0,0
Bloque,405,Deltas,0,0,0,0,0,0,0,0,0,0,0,0,0,0,0,0,0,0,0,0,0,0,0,0,0,0,0,0,0,0,0,0,0,0,0,0,0,0,0,0,0,0,0,0,0,0,0,0,0,0,0,0,0,0,0,0,0,0,0,0,0,0,0,0,0,0,0,0,0,0,0,0,0,0,0,0,0,0,0,0,0,0,0,0,0,0,0,0,0,0,0,0,0,0,0,0,0,0,0,0,0,0,0,0,0,0,0,0,0,0,0,0,0,0,0,0,0,0,0,0,0
Bloque,406,Deltas,0,0,0,0,0,0,0,0,0,0,0,0,0,0,0,0,0,0,0,0,0,0,0,0,0,0,0,0,0,0,0,0,0,0,0,0,0,0,0,0,0,0,0,0,0,0,0,0,0,0,0,0,0,0,0,0,0,0,0,0,0,0,0,0,0,0,0,0,0,0,0,0,0,0,0,0,0,0,0,0,0,0,0,0,0,0,0,0,0,0,0,0,0,0,0,0,0,0,0,0,0,0,0,0,0,0,0,0,0,0,0,0,0,0,0,0,0,0,0,0,0
Bloque,407,Deltas,0,0,0,0,0,0,0,0,0,-1,0,0,0,0,0,0,0,0,0,0,0,0,0,0,0,0,0,0,0,0,0,0,0,0,0,0,0,0,0,0,0,0,0,0,0,0,0,0,0,0,0,0,0,0,0,0,0,0,0,0,0,0,0,0,0,0,0,0,0,0,0,0,0,0,0,0,0,0,0,0,0,0,0,0,0,0,0,-1,0,0,0,0,0,0,0,0,0,0,-1,0,0,0,0,0,0,0,0,0,0,0,0,0,0,0,0,0,0,0,0,0,0
Bloque,408,Deltas,1,1,-1,1,-2,0,0,-3,1,1,2,0,0,0,-2,2,0,-1,-1,-1,2,0,0,0,0,-1,0,2,-2,-1,-1,3,0,0,0,0,0,-1,1,-1,-1,-1,2,0,0,0,0,0,0,-1,0,-1,-1,2,0,0,0,0,1,0,-1,-1,3,-3,0,-2,0,0,0,1,0,-1,-2,3,3,-5,-2,-1,-1,-1,1,0,-1,-1,0,0,0,-1,-1,-1,-1,1,0,-2,-1,-3,0,1,-1,0,1,1,-1,-1,0,0,-1,-3,2,1,0,1,1,-1,-1,0,0,0,-2,-3,2
Bloque,409,Deltas,0,1,0,-1,1,2,2,2,0,0,0,-1,0,-2,-2,1,0,0,1,-1,1,0,-2,-1,0,-1,0,1,1,0,-3,-1,-1,-2,-1,0,-1,0,1,2,1,-2,-2,0,-1,0,-2,-2,1,0,1,2,0,-1,3,-2,-2,-1,0,1,0,-1,-1,-1,-2,-1,0,1,3,2,0,0,-1,-2,-4,4,2,-1,-1,0,0,-1,-1,0,0,-4,4,2,-1,-2,0,0,-1,-1,0,1,-1,-3,-1,-2,-1,-2,1,0,-1,1,-2,3,-3,-7,1,-2,0,3,-3,-2,1,1,0,0,0
Bloque,410,Deltas,0,0,-1,0,0,-1,1,0,-1,0,0,2,0,-1,0,2,-1,-1,-1,-1,-2,0,0,0,-1,0,2,-3,-2,0,1,0,-3,0,0,-1,0,1,-1,-1,-2,-1,0,2,1,0,-1,0,1,-3,-1,0,1,2,0,1,-1,0,-4,5,-1,0,0,-2,-1,2,-6,-2,3,1,-3,0,-1,-1,0,-1,1,-6,1,3,1,0,0,-2,-2,0,-2,1,1,-3,0,-5,2,-1,0,0,-1,-1,1,0,-2,-4,1,0,8,0,-1,0,0,-1,-3,1,-2,-9,-1,2,3,0,1,0,0
Bloque,411,Deltas,0,0,1,1,0,-1,-1,0,-2,-1,0,0,1,-2,2,-2,1,1,-2,-3,-1,-1,1,0,0,1,1,1,0,-2,-2,0,2,-2,0,4,-2,1,-1,0,-1,-1,0,4,0,-3,0,2,0,0,-1,0,0,0,0,-2,0,-3,2,0,-2,0,-2,-1,-1,0,-1,0,-2,-4,1,1,-1,0,-3,0,0,-1,0,0,-1,-6,1,5,0,1,0,1,-1,0,0,-1,-1,-3,2,4,1,1,-1,-1,1,1,-4,0,0,-1,0,0,0,-3,-2,-1,2,-2,0,0,0,-1,0,0,-2
Bloque,412,Deltas,0,0,-1,-1,0,0,1,0,0,0,0,-2,-1,0,-1,0,0,1,-2,3,-1,0,-4,-2,-2,0,2,0,-1,-1,2,-1,0,0,3,-2,-1,-2,-2,0,0,0,-1,0,-1,1,2,0,0,-1,-2,1,-1,-2,1,-1,-1,0,1,2,1,0,0,0,0,0,0,0,-1,0,1,2,2,-1,-2,-1,-1,0,-1,-2,0,0,-1,-3,1,1,1,1,-1,-1,-1,-1,-1,-1,1,-1,-1,-1,-1,-2,-1,-1,-1,-1,0,0,0,0,0,0,-2,-2,-2,-1,-1,0,0,0,0,0,0
Bloque,413,Deltas,0,0,0,0,0,0,0,0,0,0,0,-2,-2,0,-1,0,0,0,0,1,1,2,1,-1,-2,-1,0,0,0,0,-1,-1,-2,-4,-2,1,-1,0,0,0,0,2,1,-1,0,-2,-2,-1,0,0,0,0,-4,-3,-1,-1,0,-2,0,2,0,1,0,-1,0,0,-1,0,-3,0,-1,0,-2,0,1,-1,0,-1,0,-3,0,0,-2,0,-1,0,1,-2,-2,0,-3,0,0,2,0,1,-1,-1,1,-1,1,0,-4,-1,1,1,-1,-1,0,0,0,2,1,-1,-1,0,0,-1,-1,0,0
Bloque,414,Deltas,0,-2,-1,0,1,-2,0,-1,0,0,0,1,-1,0,-1,0,-1,-3,-3,-1,-2,-1,0,2,0,3,2,-3,0,0,-2,0,0,-3,1,2,0,2,1,-2,-1,1,-2,-3,0,0,-1,0,-1,0,1,1,0,0,0,1,0,1,0,-2,-2,-1,-1,-1,0,1,-3,1,-1,-2,-1,-1,-1,-1,-1,0,-1,-1,2,-3,0,-1,-1,-1,-1,-1,1,-1,0,2,-1,2,-3,-2,-1,-1,-1,-1,1,-1,0,0,0,0,1,-1,-4,-3,-2,-1,-1,0,0,0,0,-2,-1,0,-2,0,0
Bloque,415,Deltas,0,0,0,0,0,0,0,-1,1,-1,0,-1,-1,1,1,1,1,2,-1,-3,1,0,0,0,0,0,0,0,1,0,-3,0,0,-2,-2,-1,-1,-1,-1,0,-2,3,-3,-1,0,0,0,-1,-2,-1,-3,2,0,-2,-3,2,0,-2,0,-1,-2,2,1,-3,0,-1,3,-1,-1,0,-1,-2,3,0,1,0,0,1,-3,2,2,3,2,1,-3,-3,-3,0,-1,-3,-3,-1,-1,-2,1,1,-4,-1,0,0,0,-1,-1,-1,-1,0,3,-4,-1,0,-1,-1,-1,-1,-1,-1,0,1,-4,-1,-3
Bloque,416,Deltas,-1,2,-1,-1,1,-2,0,0,1,2,0,1,0,-2,-1,1,-2,-1,-1,-1,-1,-2,1,0,-1,-1,1,0,2,-1,-1,-1,-1,0,1,0,-1,-3,1,2,0,0,1,1,0,1,0,0,-3,0,-2,1,1,2,2,-1,1,-3,3,-1,-1,2,0,0,0,0,2,0,0,0,-2,-3,0,0,0,0,0,2,-2,2,1,0,0,2,0,0,0,0,-3,-2,0,-1,0,0,-2,0,0,0,0,2,2,0,-1,1,-1,-3,2,1,-4,-1,-1,-1,-3,0,-1,0,-2,-1,-1,-3,0
Bloque,417,Deltas,-20,3,46,65,62,63,47,19,-6,12,-1,-58,-20,34,40,23,37,10,-7,5,21,-8,-2,5,19,9,1,3,-21,-16,6,10,-3,12,17,17,16,14,12,0,-7,10,-5,0,-8,3,12,14,16,19,11,6,14,-18,0,9,-4,-4,2,3,-6,-9,12,18,-14,7,-48,-43,-19,-13,-19,-18,-22,-11,-24,-42,24,-122,-45,-21,-17,-36,-38,-39,-32,-44,-62,5,-44,-11,-13,-3,-7,-7,-7,-18,-36,-64,13,2,10,16,14,28,27,27,16,-18,-31,-4,-3,-5,5,12,17,14,22,20,-28,-31,-16
Bloque,418,Deltas,-17,-7,23,20,5,37,66,7,-48,-35,12,-21,1,22,10,-1,51,69,15,-58,-47,0,-10,23,-1,-14,1,32,69,29,-41,-43,4,25,39,-26,-33,3,26,77,40,-31,-50,-5,50,25,-47,-41,-9,8,59,32,-8,-21,-7,69,28,-38,-23,-3,-2,65,26,-9,-1,-1,65,10,-46,-29,-9,0,26,17,4,-6,-3,47,29,-15,-15,-5,13,4,-1,-8,-18,-2,57,17,10,4,-6,-10,-2,16,1,-1,-11,21,26,5,-5,-5,4,19,27,7,-3,-7,-5,8,-5,0,-5,-1,0,17,3,-1,6
Bloque,419,Deltas,4,-2,0,0,0,0,0,0,0,0,-8,14,6,0,0,0,0,0,0,0,0,-7,5,-6,-1,-1,0,0,0,0,0,0,0,0,-4,-1,-1,0,0,0,0,0,0,6,6,-2,0,0,0,0,0,0,0,0,-2,3,-1,0,0,0,0,0,0,0,0,-5,-1,-3,-1,-1,0,0,0,0,0,0,4,-4,-6,-1,-1,0,0,0,0,0,0,-1,5,2,0,0,0,0,0,0,0,0,-6,18,21,0,0,0,0,0,0,-1,-2,-1,14,-8,-1,-1,0,0,0,0,0,-1,1
Bloque,420,Deltas,-1,1,5,2,-5,-2,5,0,-2,1,-1,4,4,0,-3,-2,4,-2,-1,1,-2,0,7,0,-4,0,5,0,-2,0,-2,1,-1,3,-6,0,5,-1,0,0,0,-3,1,-1,-6,4,1,-1,0,1,0,0,-2,1,-1,2,0,1,0,0,0,1,0,-3,2,-1,1,0,-1,0,-2,1,1,-3,-1,-1,-3,1,1,-6,1,4,-1,-5,0,-4,-4,0,3,1,-5,4,0,-6,4,-3,0,0,-3,1,1,-1,2,-6,6,-4,-2,-2,-3,-1,2,2,-4,-3,5,-5,-9,-2,-1,0,2
Bloque,421,Deltas,-2,0,-1,0,-3,0,0,-3,-2,-1,0,1,-4,4,-2,-1,-3,-2,-1,-1,-1,0,-4,4,-1,-1,0,0,0,0,0,0,1,2,-3,-4,2,2,1,-2,-1,-1,-1,0,-1,0,0,-2,-1,-1,1,2,-2,-1,-1,-3,3,-3,1,0,0,0,0,-2,-2,-1,0,0,0,-1,0,0,0,0,0,0,0,-1,-1,0,0,0,0,0,0,0,0,0,-3,-1,1,2,-1,-1,0,0,0,0,0,-4,-2,1,4,-1,-1,0,0,0,0,0,0,0,0,0,0,0,0,0,0,0,0
Bloque,422,Deltas,2,-4,-3,0,0,-1,-1,0,1,-1,-1,1,-4,-4,0,0,1,0,-1,-1,0,1,1,1,0,-1,-2,-1,-1,0,0,1,1,0,-1,-1,0,1,-1,-1,0,0,0,0,-1,-1,-1,0,1,-1,-1,0,0,0,0,-1,1,0,-1,-1,-1,-1,0,0,0,0,0,0,2,0,-1,2,0,0,0,0,0,0,2,2,-1,1,-2,0,0,0,0,0,0,2,-1,0,0,1,0,0,0,0,0,0,-2,-1,1,0,-1,0,0,0,0,0,0,0,2,-1,0,0,0,0,0,0,0
Bloque,423,Deltas,1,-1,0,0,0,0,0,0,0,0,0,0,0,-1,0,0,0,0,0,0,0,0,0,0,0,0,0,0,0,0,0,0,0,0,0,0,0,0,0,0,0,0,0,0,0,0,0,0,0,0,0,0,0,-1,0,0,0,0,-1,0,0,0,0,0,0,0,0,0,0,0,0,0,0,0,0,0,0,0,0,0,0,0,0,0,-1,0,0,0,0,0,0,0,0,0,0,0,0,0,0,0,0,-1,0,0,0,0,0,0,0,0,0,0,0,0,0,0,0,0,0,0,0
Bloque,424,Deltas,0,0,0,0,0,0,0,0,0,0,0,0,0,0,0,0,0,0,0,0,0,0,0,0,0,0,0,0,0,0,0,0,0,0,0,0,0,0,0,0,0,0,0,0,0,0,0,0,0,0,0,0,0,0,0,0,0,0,0,0,0,0,0,0,0,0,0,0,0,0,0,0,0,0,0,0,0,0,0,0,0,0,0,0,0,0,0,0,0,0,0,0,0,0,0,0,0,0,0,0,0,0,0,0,0,0,0,0,0,0,0,0,0,0,0,0,0,0,0,0,0
Bloque,425,Deltas,0,0,0,0,0,0,0,0,0,0,0,0,0,0,0,0,0,0,0,0,0,0,0,0,0,0,0,0,0,0,0,0,0,0,0,0,0,0,0,0,0,0,0,0,0,0,0,0,0,0,0,0,0,0,0,0,0,0,0,0,0,0,0,0,0,0,0,0,0,0,0,0,0,0,-1,-1,0,0,0,0,0,0,0,0,0,-1,-1,0,0,0,0,0,0,0,0,0,-1,-1,0,0,0,0,0,0,0,0,0,-2,-1,0,0,0,0,0,0,0,0,0,0,0,0
Bloque,426,Deltas,0,0,0,0,0,-4,-2,-3,5,2,-3,0,0,0,0,0,1,0,-1,0,1,0,0,0,0,0,0,1,0,0,-4,0,0,0,0,0,0,0,-1,1,0,0,0,0,0,0,0,0,0,-1,2,-1,1,0,0,0,0,0,0,0,1,0,-3,0,0,0,0,0,0,0,0,1,-1,0,0,0,0,0,0,0,0,0,0,0,0,0,0,0,0,0,0,0,1,-1,0,0,0,0,0,0,0,0,0,0,-1,0,0,0,0,0,0,0,0,0,-1,0,0,0,0,0,0
Bloque,427,Deltas,2,0,0,0,0,0,0,0,0,0,0,0,0,0,0,0,0,0,0,0,0,0,-1,-1,0,0,0,0,0,0,0,0,0,-1,-1,0,0,0,0,0,0,0,0,0,-1,-1,0,0,0,0,0,0,0,0,0,-1,-1,0,0,0,0,0,0,0,0,0,0,0,0,0,0,0,0,0,0,0,0,0,0,0,0,0,0,0,0,0,0,0,0,0,0,0,0,0,0,0,0,0,0,0,0,0,0,0,0,0,0,0,0,0,0,0,0,0,0,0,0,0,0,0,0
Bloque,428,Deltas,0,0,0,0,0,0,0,0,0,0,0,0,0,0,0,0,0,0,0,0,0,0,0,0,0,0,0,0,0,0,0,0,0,0,0,0,0,0,0,0,0,0,0,0,0,0,0,0,0,0,0,0,0,0,0,0,0,0,0,0,0,0,0,0,0,0,0,0,0,0,0,0,0,0,0,0,0,0,0,0,0,0,0,0,0,0,0,0,0,0,0,0,0,0,0,0,0,0,0,0,0,0,0,0,0,0,0,0,0,0,0,0,0,0,0,0,0,0,0,0,0
Bloque,429,Deltas,0,0,0,0,0,0,0,0,0,0,0,0,0,0,0,0,0,0,0,0,0,0,0,0,0,0,0,0,0,0,0,0,0,0,0,0,0,0,0,0,0,0,0,0,0,0,0,0,0,0,0,0,0,0,0,0,0,0,0,0,0,0,0,0,0,0,0,0,0,0,0,0,0,0,0,0,-1,0,0,0,0,0,0,0,0,0,0,-1,0,0,0,0,0,0,0,0,0,0,-1,0,0,0,0,0,0,0,0,0,0,-1,0,0,0,0,0,0,0,0,0,0,-1
Bloque,430,Deltas,0,0,0,0,0,0,0,0,0,0,0,0,0,-1,0,0,0,0,0,0,0,0,0,0,0,0,0,0,0,0,0,0,0,0,0,0,0,0,0,0,0,0,0,0,0,0,0,0,0,0,0,0,0,0,0,0,0,1,0,0,0,0,0,0,0,0,0,0,0,0,0,0,0,0,0,0,0,0,0,0,0,0,0,0,0,0,0,0,0,0,0,0,0,0,0,0,0,0,0,0,0,1,0,0,0,0,0,0,0,0,0,0,1,0,0,0,0,0,0,0,0
Bloque,431,Deltas,0,0,0,0,0,0,1,-1,0,1,1,0,0,0,0,0,0,0,-2,0,-1,1,0,0,0,0,0,0,0,-1,0,0,1,0,0,0,0,0,0,0,-1,2,0,1,0,0,0,0,0,0,0,-1,1,0,1,0,0,0,0,0,0,0,-3,1,0,3,0,0,0,0,0,0,0,-3,2,0,1,0,0,0,0,0,0,-1,-3,1,0,2,0,0,0,0,0,0,-1,-1,1,2,1,0,0,0,0,0,0,-1,-4,0,0,1,0,0,0,0,0,0,-1,-1,0,1,0
Bloque,432,Deltas,0,-2,-1,-1,0,-1,-1,-1,0,0,0,-2,-1,1,0,0,0,-1,1,-2,0,1,-1,-1,0,0,1,0,1,-1,1,0,0,-3,-1,-1,0,1,-1,0,0,-3,3,-4,-2,0,0,0,0,-2,0,0,1,-2,3,-2,0,0,0,0,0,0,0,0,-3,-1,-2,0,0,0,0,0,-1,0,-1,-1,0,-4,0,0,1,0,-1,0,0,0,-2,0,-2,0,-1,1,0,0,0,0,0,-1,0,-4,1,-1,0,0,-1,0,0,0,0,-1,-2,0,0,0,0,0,0,0,0,-1,0
Bloque,433,Deltas,-1,2,-1,-1,1,0,1,0,0,0,0,-1,1,0,-1,2,1,0,-1,0,0,0,-2,1,-3,0,4,0,-1,1,-1,0,0,-2,1,-7,-3,6,0,-1,0,-1,0,0,-2,1,-3,0,6,2,0,0,0,0,0,0,1,-3,0,4,1,-1,0,0,0,0,-1,1,-4,-2,3,0,-1,0,0,0,0,-1,1,-6,-2,7,0,-4,0,0,0,0,-1,1,-4,-2,3,0,-2,0,0,0,0,-1,0,-6,-2,2,0,0,0,0,0,0,0,1,-3,-3,3,1,0,-1,0,0,0
Bloque,434,Deltas,0,0,0,0,0,0,-1,-1,0,0,0,0,0,0,0,0,0,1,0,0,0,0,0,0,0,0,0,0,0,0,0,0,0,0,0,0,0,0,0,0,0,0,0,0,0,0,0,0,0,0,0,0,0,0,0,0,0,0,0,0,-1,0,0,0,0,0,0,0,0,0,0,0,0,0,-1,0,0,0,0,0,0,0,0,0,0,0,-1,0,0,0,0,0,0,0,0,0,-1,0,0,0,0,0,0,0,0,0,0,-2,0,0,0,0,0,0,0,0,0,0,0,0,0
Bloque,435,Deltas,0,0,0,0,0,0,0,0,0,0,0,0,0,0,0,0,0,0,0,0,0,0,0,0,0,0,0,0,0,0,0,0,0,0,0,0,0,0,0,0,0,0,0,0,0,0,0,0,0,0,0,0,0,0,0,0,0,0,0,0,0,0,0,0,0,0,0,0,0,0,0,0,0,0,0,0,0,0,0,0,0,0,0,0,0,0,0,0,0,0,0,0,0,0,0,0,0,0,0,0,0,0,0,0,0,0,0,0,0,0,0,0,0,0,0,0,0,-1,-1,0,0
Bloque,436,Deltas,0,0,0,0,0,0,0,0,0,0,0,0,0,2,-1,0,0,0,0,0,0,0,0,0,0,0,0,0,0,0,0,0,0,0,0,0,0,-1,0,0,0,0,0,0,0,0,0,0,-1,-2,0,0,0,0,0,0,0,0,1,-1,0,0,0,0,0,0,0,0,0,0,0,0,0,0,0,0,0,0,0,0,0,1,-1,0,0,0,0,0,0,0,0,-1,1,0,0,0,0,0,0,0,0,0,0,-1,0,-1,0,0,0,0,0,0,0,0,0,0,-1,0,0,0,0
Bloque,437,Deltas,0,0,0,0,0,0,0,0,0,0,0,0,0,0,0,0,0,0,0,0,0,0,0,0,0,0,0,0,0,0,0,0,0,0,0,0,0,0,0,0,0,0,0,0,0,0,0,0,0,0,0,0,0,0,0,0,0,0,0,0,0,0,0,0,0,0,0,0,0,0,0,0,0,0,0,0,0,0,0,0,0,0,0,0,0,0,0,0,0,0,0,0,0,0,0,0,0,0,0,0,0,0,0,0,0,0,0,0,0,0,0,0,0,0,0,0,0,0,0,0,0
Bloque,438,Deltas,0,0,0,0,0,0,0,0,0,0,0,0,0,0,0,0,0,0,0,0,0,0,0,0,0,0,0,0,0,0,0,0,0,0,0,0,0,0,0,0,0,0,0,0,0,0,0,0,0,0,0,0,0,0,0,0,0,0,0,0,0,0,0,0,0,0,0,0,0,0,0,0,0,0,0,0,0,0,0,0,0,0,0,0,0,0,0,0,0,0,0,0,0,0,0,0,0,0,0,0,0,0,0,0,0,0,0,0,0,0,0,0,0,0,0,0,0,0,0,0,0
Bloque,439,Deltas,0,0,0,0,0,0,0,0,0,0,0,0,0,0,0,0,0,0,0,0,0,0,0,0,0,0,0,0,0,0,0,0,0,0,0,0,0,0,0,0,0,0,0,0,0,0,0,0,0,0,0,0,0,0,0,0,0,0,0,0,0,0,0,0,0,0,0,0,0,0,0,0,0,0,0,0,0,0,0,0,0,0,0,0,0,0,0,0,0,0,0,0,0,0,0,0,0,0,0,0,0,0,0,0,0,0,0,0,0,0,0,0,0,0,0,0,0,0,0,0,0
Bloque,440,Deltas,0,0,0,-1,-1,0,0,1,0,-4,-1,0,0,0,-1,-1,0,0,-1,0,1,-4,0,0,0,0,0,0,0,-1,2,1,-3,0,0,0,0,0,0,0,-3,0,1,0,0,0,0,0,0,0,0,-1,0,0,0,0,0,0,0,0,0,0,1,0,-1,-1,0,0,0,0,0,0,0,0,0,0,0,0,0,0,0,0,0,0,0,0,0,0,0,0,0,0,0,0,0,0,0,0,0,0,0,0,0,0,0,0,0,0,0,0,0,0,0,0,0,0,0,0,0,0,0
Bloque,441,Deltas,2,0,2,0,-2,-1,0,2,0,-1,-1,-2,3,-1,-4,-1,1,-1,0,3,-2,-2,-1,0,0,0,0,0,0,0,1,-2,2,-1,-1,0,1,0,0,0,0,1,-1,3,0,-3,-1,2,2,-2,-2,1,1,-2,2,0,-2,-1,2,1,-2,-2,1,1,-3,0,0,0,0,0,2,0,0,-1,-1,-3,-2,1,1,-1,-2,1,4,0,-2,-2,0,0,-1,0,0,0,0,1,2,-1,0,-2,-3,1,1,-1,-1,-2,-1,2,4,-2,-2,-1,0,0,0,0,0,-1,0,1,0,-3,0
Bloque,442,Deltas,-2,-10,3,-2,-3,0,7,4,0,-1,2,3,-7,-2,4,-8,-1,0,7,0,-2,3,2,-1,-5,-4,-1,-6,-1,0,11,3,-3,1,0,-2,-5,0,-1,-7,-1,0,7,1,3,0,-1,-3,-5,5,-6,-2,-1,0,8,2,0,-2,-4,-2,0,3,-5,-2,0,6,-1,0,0,0,0,-3,-4,3,-6,-6,-1,-2,0,0,0,-1,-1,-9,2,-2,-3,0,0,-2,0,0,0,0,-2,-4,2,-2,-2,-2,0,0,0,0,2,1,-4,-2,8,-7,-2,1,0,-1,-1,1,-1,0,-5,1,3
Bloque,443,Deltas,-2,1,1,-3,1,1,0,0,-1,0,0,-3,1,0,-3,2,1,0,0,0,-1,0,0,-1,2,-1,1,-1,0,0,0,0,-1,0,-2,0,-1,2,-1,0,0,0,0,-1,2,-3,0,-1,1,-1,0,0,0,0,0,6,-4,0,-1,1,-1,0,0,0,0,0,11,1,2,-1,-1,0,-1,-1,-1,-1,1,0,8,-1,1,-3,0,-1,-1,-1,-1,1,0,0,7,-4,0,-1,0,0,-1,-1,-1,0,0,6,4,-4,1,0,0,-1,-1,-1,-7,0,0,7,4,0,1,0,0,-1,-1
Bloque,444,Deltas,0,1,0,-1,-1,0,0,0,0,0,0,0,0,-1,-1,-1,0,0,0,0,0,0,-2,0,-1,0,0,0,-1,2,-1,-2,-1,-2,-1,-1,-1,0,0,0,2,0,-1,0,0,-2,0,-2,-1,0,0,3,0,-1,0,1,-1,-1,-1,-1,0,-1,2,-1,-2,-2,0,0,-5,-3,-1,0,-1,2,0,-1,-1,0,-2,1,-4,-3,2,2,-2,-1,0,2,-1,0,0,1,-4,-1,1,-1,-1,0,1,-1,1,0,-1,0,-4,-3,1,0,-1,-1,-1,-1,0,-2,-2,-1,-4,-2,0,0,-4
Bloque,445,Deltas,0,0,-1,-3,0,-1,-1,0,-1,0,0,1,0,0,0,1,-2,-2,1,-1,0,0,1,0,-1,-1,2,0,0,3,0,0,0,0,0,-1,-1,1,0,0,1,0,0,0,-1,-2,0,0,-1,0,0,-1,0,0,0,-1,-2,0,1,-2,0,0,-3,0,0,0,1,-2,3,-1,-1,-1,-1,-1,2,2,-4,0,-2,1,-2,-1,-1,-1,-1,-4,0,1,-1,-1,-1,-1,0,0,0,0,-1,0,1,0,1,0,1,1,1,1,1,0,-2,1,0,0,0,0,0,-2,-1,0,0,-1,0
Bloque,446,Deltas,-1,0,0,-1,-1,-3,0,1,1,2,-1,-1,0,0,-1,-1,0,-1,0,1,0,-2,0,0,0,-1,-1,1,1,-3,-1,2,0,0,0,0,-1,-1,-2,1,0,0,0,1,0,-1,-1,1,1,0,1,-1,-2,-1,0,0,-1,-1,1,1,-1,-1,-2,2,0,-1,-2,-1,-2,0,0,-3,-1,-1,-1,0,0,1,1,-2,1,-1,-1,-3,-1,-1,0,1,-1,0,0,-1,-1,-1,0,1,-2,-1,-2,1,-1,-2,-1,0,-1,-2,1,0,-1,-4,2,0,-1,-2,-1,1,-2,-2,-3,-2,-3
Bloque,447,Deltas,-2,-1,0,0,0,0,-1,0,0,0,-2,-1,3,0,0,0,0,-1,-2,2,2,-2,-1,0,-1,1,-1,-2,0,0,0,0,0,0,-3,0,-1,-2,0,2,1,1,1,0,0,-3,-1,0,-2,2,0,0,0,0,-1,-1,0,-2,1,0,1,-2,-2,-2,-2,-2,0,-1,-2,0,-1,-2,0,0,0,0,-1,-2,0,-2,-2,-1,-2,-1,1,-2,0,0,-4,0,-2,1,0,-1,-1,-1,-2,0,1,-2,1,-3,-1,0,2,0,-4,3,-1,0,0,0,2,-1,-2,3,0,-2,0,-2,-1
Bloque,448,Deltas,0,1,-1,0,0,-1,2,0,0,-5,-1,0,1,-1,1,-2,0,1,-1,0,-1,2,-1,1,-2,-1,0,1,3,0,-1,2,0,-1,0,-1,1,1,0,0,0,-1,2,0,0,-1,0,0,0,0,0,-1,-2,1,-1,1,-2,0,-2,-1,1,2,0,-3,1,-1,-2,-1,-2,0,0,2,1,-1,0,-2,1,0,0,0,0,-2,2,0,1,-1,0,-3,1,0,0,-1,-1,0,0,-1,-3,1,0,0,-1,-1,-4,0,-3,1,0,1,-1,0,1,-1,1,-1,0,-2,0,0,0,0,0
Bloque,449,Deltas,-62,-53,-36,-42,-25,-38,-18,-14,-23,-22,-3,-27,8,25,19,24,13,14,-3,-12,-11,-2,23,36,28,28,40,13,4,-9,4,7,6,-23,-27,-23,-5,0,-6,-4,-1,7,-2,-5,-10,5,14,9,17,-1,-2,6,4,2,7,1,-2,13,7,1,-4,1,10,4,1,2,14,-5,2,-12,0,-5,1,-14,-21,-22,-20,-26,3,4,-4,1,-12,-22,-33,-31,-24,-1,-43,11,2,-11,11,11,-5,-19,-36,-39,-17,16,7,-3,20,29,32,22,5,-21,-17,3,-2,0,6,9,11,13,10,11,0,0,0
Bloque,450,Deltas,4,-7,-7,0,3,9,5,6,15,7,-10,-4,-10,-1,2,-2,9,-8,7,-6,-7,-7,1,-9,1,-9,7,2,-2,0,0,-3,-3,-4,1,2,3,1,0,0,-3,2,-1,1,0,14,-4,-16,-2,1,-5,0,0,-1,0,0,6,-10,-2,10,-1,-1,-2,2,-1,-4,6,9,7,9,6,1,-1,-1,2,2,3,-3,1,-2,11,6,-2,1,2,-1,-1,-1,-1,-4,0,-2,-6,-1,2,1,-1,3,2,2,-16,-10,14,-11,1,-1,-2,1,0,0,0,0,0,0,0,0,0,0,0,0,0
Bloque,451,Deltas,-2,7,-1,-1,0,0,0,1,0,0,2,5,10,-1,-1,0,0,0,0,0,0,0,1,5,2,-2,-6,3,-3,0,3,-2,0,0,-2,3,-3,-4,3,-4,-2,0,4,0,-2,-7,1,-3,-2,2,-4,3,-3,0,0,-5,-2,3,-2,-4,1,0,0,-1,6,0,2,2,3,-2,1,6,3,-7,1,3,0,-1,-1,-2,-1,2,1,1,4,3,-4,0,2,3,-3,1,0,-2,4,5,-5,0,0,0,0,0,-4,3,0,0,-4,2,0,0,0,0,0,0,0,0,0,0,-1,-1,-1
Bloque,452,Deltas,0,-4,4,-5,-7,1,0,-2,-2,0,1,0,-5,-1,-6,1,0,-4,-2,-1,0,1,0,1,1,-1,-1,0,0,0,0,0,0,0,1,1,-1,-1,0,0,0,0,0,0,0,0,0,0,0,0,0,0,0,0,0,0,0,0,0,0,0,0,0,0,0,0,0,0,0,0,0,0,0,0,0,0,0,0,0,0,0,0,0,0,0,0,0,0,0,0,0,0,0,0,0,0,0,0,0,0,0,0,0,0,0,0,0,0,0,0,11,3,0,0,-7,1,0,2,-1,7,2
Bloque,453,Deltas,0,0,1,1,0,0,0,0,-1,-1,0,0,-2,1,1,0,0,0,0,-3,0,0,1,2,0,0,0,0,0,0,2,-1,0,1,1,0,0,0,0,0,0,1,-1,0,0,0,0,0,0,0,0,0,0,0,0,0,0,0,0,0,0,0,0,0,0,0,0,0,0,0,0,0,0,0,0,0,0,0,0,0,0,0,0,0,0,0,0,0,0,0,-1,1,0,-1,-1,1,-1,-1,0,0,-3,1,4,0,0,1,1,0,0,0,6,6,-3,-6,1,1,-1,1,1,-1,0
Bloque,454,Deltas,2,2,0,2,2,1,0,0,0,1,0,-1,0,-1,1,1,0,-1,0,0,0,0,1,0,0,0,0,1,2,0,0,0,0,1,1,1,0,1,1,0,-1,0,0,1,0,0,0,0,0,0,0,0,0,0,0,0,0,0,0,0,0,0,0,0,0,0,0,0,0,0,0,0,0,0,0,0,0,0,0,0,0,0,0,0,0,0,0,0,1,-2,0,1,-1,0,0,0,0,0,0,1,-1,-1,1,0,1,0,-1,-2,0,0,1,1,1,0,2,1,0,-2,0,-1,1
Bloque,455,Deltas,1,1,-2,-2,0,1,0,0,0,-1,1,0,0,0,0,0,0,0,0,0,0,-1,0,0,0,0,0,0,0,0,0,0,1,0,-2,0,1,0,0,-1,-1,1,1,0,0,0,0,0,0,0,0,0,0,0,0,0,0,0,0,0,0,0,0,0,0,0,0,0,0,0,0,0,0,0,0,0,0,0,0,0,0,0,0,0,0,0,0,0,0,0,0,0,0,0,0,0,0,0,0,0,0,0,0,0,0,0,0,0,0,0,0,0,0,0,0,0,0,0,0,0,0
Bloque,456,Deltas,1,1,1,0,0,0,0,0,0,0,0,-1,-1,0,0,0,0,0,0,0,0,0,1,3,0,1,0,0,0,1,0,0,0,-1,0,-1,1,1,0,0,0,0,0,0,0,1,0,0,0,0,0,0,0,0,0,0,0,0,0,0,0,0,0,0,0,0,0,0,0,0,0,0,0,-1,0,0,0,0,0,0,2,0,0,0,-1,-1,0,-1,0,0,0,1,0,0,0,-1,-1,0,-1,0,0,0,0,0,0,0,0,-1,-1,-1,0,-1,0,0,1,0,0,0,-1,-1,-1
Bloque,457,Deltas,0,0,0,0,0,0,0,0,-1,-1,0,0,0,0,0,0,0,0,0,-1,-1,0,0,0,0,0,0,0,0,0,-4,0,-2,0,0,0,0,0,0,0,0,0,-4,-5,0,0,0,0,0,0,0,0,-3,-6,0,0,0,0,0,0,0,0,0,0,0,4,0,0,0,0,0,-1,0,-2,-7,0,6,-1,-1,-2,-1,0,-2,1,-5,0,6,0,-1,-2,-1,0,0,0,-2,-5,3,4,-2,0,0,-1,-1,-2,0,-5,0,6,-1,-1,0,-1,-1,-1,-1,-5,-1,4,3,-1,0
Bloque,458,Deltas,0,0,0,-1,0,0,0,0,0,0,0,0,0,-1,0,0,0,0,0,0,0,0,-3,0,-1,0,0,0,0,0,0,0,0,5,0,0,0,0,0,0,0,0,0,0,4,-2,0,0,0,0,0,0,0,0,0,1,0,0,0,0,0,0,0,0,0,0,-2,0,0,0,0,0,0,0,0,0,0,-2,0,0,0,0,0,0,0,0,0,0,0,0,0,0,0,0,0,0,0,0,0,0,0,0,0,0,0,0,0,0,0,0,0,0,0,0,0,0,0,0,0,0,0
Bloque,459,Deltas,0,0,0,0,0,0,0,0,0,0,0,0,0,0,0,0,0,0,0,0,0,0,0,0,0,0,0,0,0,0,0,-1,0,0,0,0,0,0,0,0,0,0,-1,0,0,0,0,0,0,0,0,0,0,0,0,0,0,0,0,0,0,0,0,0,0,0,0,0,0,0,0,0,0,0,0,0,0,0,0,0,0,0,0,0,0,0,0,0,0,0,0,0,0,0,0,0,0,0,0,0,0,0,0,0,0,0,0,0,0,0,0,0,0,0,0,0,0,0,0,0,0
Bloque,460,Deltas,0,0,0,0,0,0,0,0,0,0,0,0,0,0,0,0,0,0,0,0,0,0,0,0,0,0,0,0,0,0,0,0,0,0,0,0,0,0,0,0,0,0,0,0,0,0,0,0,0,0,0,0,0,0,0,0,0,0,0,0,0,0,0,0,0,0,0,0,0,0,0,0,0,0,0,0,0,0,0,0,0,0,0,0,0,0,0,0,0,0,0,0,0,0,0,0,0,0,0,0,0,0,0,0,0,0,0,0,0,0,0,0,0,0,0,0,0,0,0,0,0
Bloque,461,Deltas,0,0,0,0,0,0,0,0,0,0,-1,0,0,0,0,0,0,0,0,0,0,-1,0,0,0,0,0,0,0,0,0,0,-2,0,0,0,0,0,0,0,0,0,0,0,0,0,0,0,0,0,0,0,0,0,0,0,0,0,0,0,0,0,0,0,0,-2,0,0,0,0,0,0,0,0,0,0,-2,0,0,0,0,0,0,0,0,0,0,-1,0,0,0,0,0,0,0,0,0,0,0,0,0,0,0,0,0,0,0,0,0,-1,0,0,0,0,0,0,0,0,0,0,0
Bloque,462,Deltas,0,0,1,0,0,0,0,0,0,0,0,-2,1,1,0,0,0,0,0,0,0,0,0,0,0,0,0,0,0,0,0,0,0,0,0,0,0,0,0,0,0,0,0,0,0,0,-1,0,0,0,0,0,0,0,0,0,0,0,0,0,0,0,0,0,0,0,0,0,0,0,0,0,0,0,0,0,0,0,0,1,0,0,0,0,0,0,0,0,0,0,0,0,0,0,0,0,0,0,0,0,0,1,0,0,0,0,0,0,0,0,-1,1,1,0,0,0,0,0,0,0,0
Bloque,463,Deltas,0,0,0,0,0,0,-3,1,-1,1,-2,0,0,0,0,0,0,-2,3,1,2,0,0,0,0,0,0,0,-3,3,-4,3,-5,0,0,0,0,0,0,-3,3,-2,4,-5,0,0,0,0,0,0,-2,4,-1,3,-4,0,0,0,0,0,0,-3,3,-3,5,-5,0,0,0,0,0,0,-1,1,0,2,-5,0,0,0,0,0,0,-1,1,0,1,-6,0,0,0,0,0,0,1,-1,2,-1,-4,0,0,0,0,0,0,5,1,5,1,-6,0,0,0,0,0,0,0,-2,3,1,-7
Bloque,464,Deltas,-1,1,0,1,0,-1,-1,-1,0,-2,0,-3,0,0,6,0,-2,-3,-1,-1,-2,0,-1,1,-1,-1,-2,-2,2,1,-1,-2,0,-1,2,0,0,-2,-2,0,2,-1,-1,2,-1,1,1,1,-2,-2,0,2,-2,-1,2,-1,2,1,2,-2,-3,0,0,-3,-2,1,-2,0,1,3,0,-1,1,2,-1,2,-2,-1,-1,1,2,0,-1,0,0,-2,-2,-1,0,-2,3,2,-1,-2,0,1,-2,-1,5,0,-3,3,3,-1,-1,-1,0,-3,-1,5,2,-1,3,0,-1,1,0,0,-4,-4,4
Bloque,465,Deltas,0,0,-3,-3,2,2,0,0,0,0,0,0,-2,-2,-6,2,2,-1,0,0,0,0,-3,0,-5,-3,1,5,-1,1,0,0,0,-3,0,-4,-4,0,4,-2,1,0,0,0,-3,0,-4,-4,1,5,-2,1,0,0,0,-3,0,-5,-3,1,5,-3,1,0,0,0,-1,1,-3,-3,1,6,-1,1,0,0,0,-1,1,-4,-3,2,5,-1,2,0,0,0,-1,0,-3,-2,1,6,-1,3,0,0,0,-1,0,-4,-3,1,6,-1,3,0,0,0,0,0,-3,-2,0,6,0,2,0,0,0
Bloque,466,Deltas,0,0,0,0,0,0,-1,0,0,-1,0,0,0,0,0,0,0,0,0,0,-1,0,0,0,0,0,0,0,0,0,0,0,0,0,0,0,0,0,0,0,0,0,0,0,0,0,0,0,0,0,0,0,0,0,0,0,0,0,0,0,0,0,0,0,0,0,0,0,0,0,0,0,0,0,0,0,0,0,0,0,0,0,0,0,0,0,0,0,0,0,0,0,0,0,0,0,0,0,0,0,0,0,0,0,0,0,0,0,0,0,0,0,0,0,0,0,0,0,0,0,0
Bloque,467,Deltas,0,0,0,0,0,0,0,0,0,0,0,0,0,0,0,0,0,0,-1,-1,0,0,0,0,0,0,0,0,0,0,0,0,0,0,0,0,0,0,0,0,0,0,0,0,0,0,0,0,0,0,0,0,0,0,0,0,0,0,0,0,0,0,0,0,0,0,0,0,0,0,0,0,0,0,0,0,0,0,0,0,0,0,0,0,0,0,0,0,0,0,0,0,0,0,0,0,0,0,0,0,0,0,0,0,0,0,0,0,0,0,0,0,0,0,0,0,0,0,0,0,0
Bloque,468,Deltas,0,0,0,0,0,0,0,0,0,0,0,0,0,0,0,0,0,0,-1,0,0,0,0,0,0,0,0,0,0,0,0,0,0,0,0,0,0,0,0,0,0,0,0,0,0,0,0,0,0,0,0,0,0,0,0,0,0,0,0,0,0,0,0,0,0,0,0,0,0,0,0,0,0,0,0,0,0,0,0,0,0,0,0,0,0,0,0,0,0,0,0,0,0,0,0,0,0,0,0,0,0,0,0,0,0,0,0,0,0,0,0,0,0,0,0,0,0,0,0,0,0
Bloque,469,Deltas,0,0,0,0,0,0,0,0,0,0,0,0,0,0,0,0,0,0,0,0,0,0,0,0,0,0,0,0,0,0,0,0,0,0,0,0,0,0,0,0,0,0,0,0,0,0,0,0,0,0,0,0,0,0,0,0,0,0,0,0,0,0,0,0,0,0,0,0,0,0,0,0,0,0,0,0,0,0,0,0,0,0,0,0,0,0,0,0,0,0,0,0,0,0,0,0,0,0,0,0,0,0,0,0,0,0,0,0,0,0,0,0,0,0,0,0,0,0,0,0,0
Bloque,470,Deltas,0,0,0,0,0,0,0,0,0,0,0,0,0,0,0,0,0,0,0,0,0,0,0,0,0,0,0,0,0,0,0,0,0,0,0,0,0,0,0,0,0,0,0,0,0,0,0,0,0,0,0,0,0,0,0,0,0,0,0,0,0,0,0,0,0,0,0,0,0,0,0,0,0,0,0,0,0,0,0,0,0,0,0,0,0,0,0,0,0,0,0,0,0,0,0,0,0,0,0,0,0,0,0,0,0,0,0,0,0,0,0,0,0,0,0,0,0,0,0,0,0
Bloque,471,Deltas,0,0,0,0,0,0,0,0,0,0,0,0,0,0,0,0,0,0,0,0,0,0,0,0,0,0,0,0,0,0,0,0,0,0,0,0,0,0,0,0,0,0,0,0,0,0,0,0,0,0,0,0,0,0,0,0,0,0,0,0,0,0,0,0,0,0,0,0,0,0,0,0,0,0,0,0,0,0,0,0,0,0,0,0,0,0,0,0,0,0,0,0,0,0,0,0,0,0,0,0,0,0,0,0,0,0,0,0,0,0,0,0,0,0,0,0,0,0,0,0,0
Bloque,472,Deltas,0,0,0,0,0,0,0,0,0,0,0,0,0,0,0,0,0,0,0,0,0,0,0,0,0,0,0,0,0,0,0,0,0,0,0,0,0,0,0,0,0,0,0,0,0,0,0,0,0,0,0,0,0,0,0,0,0,0,0,0,0,0,0,0,0,0,0,0,0,0,0,0,0,0,0,0,0,0,0,0,0,0,0,0,0,0,0,0,0,0,0,0,0,0,0,0,0,0,0,0,0,0,0,0,0,0,0,0,0,0,0,0,-1,0,0,0,0,0,0,0,0
Bloque,473,Deltas,0,0,0,0,2,1,-1,-3,2,0,-7,0,0,0,0,1,1,0,-2,-4,1,2,0,0,0,0,0,0,0,0,-2,-1,2,0,0,0,0,0,0,0,0,0,-2,2,0,0,0,0,0,0,0,0,-2,0,-1,0,0,0,0,0,0,0,0,-1,0,0,0,0,0,0,0,0,0,0,0,0,0,0,0,0,0,0,0,0,0,0,-1,0,0,0,0,0,0,0,0,0,-1,1,-2,0,0,0,0,0,0,0,0,2,-1,1,0,0,0,0,0,0,0,0,1,-1,1
Bloque,474,Deltas,-1,4,1,-1,-3,-1,3,1,1,-5,-3,-2,1,0,-1,-2,0,0,1,2,3,-4,0,0,-2,-2,-2,0,-1,0,2,-2,0,0,-1,-3,-2,-4,0,-1,0,2,0,-1,3,1,1,-2,-1,0,-1,0,2,0,0,1,0,1,-1,0,0,-1,0,2,1,0,0,1,1,0,-2,-2,1,1,0,0,-4,0,0,1,0,-2,-4,0,0,-4,0,-3,2,0,-1,0,3,-2,-1,1,4,0,-4,0,-1,-2,0,3,-1,0,-1,-1,0,-3,-3,0,-1,-1,-2,-2,0,-3,-1,0,-5
Bloque,475,Deltas,3,-1,-7,-2,0,6,1,0,-2,-1,0,-3,1,-9,-5,-1,0,7,0,0,-1,1,-4,-1,3,-7,1,-3,6,8,-2,-1,1,0,-1,1,0,-5,1,0,8,1,-4,-3,0,0,-6,2,-4,-5,-3,0,8,-2,-4,1,0,-4,-2,4,-5,-5,-3,3,5,-2,1,0,-2,-1,-1,0,-6,2,-1,-2,5,2,0,0,-1,-4,1,2,-4,3,-2,4,1,0,0,0,-1,-4,6,-4,0,3,1,1,0,1,-1,1,-2,-2,3,-5,-3,0,-2,1,3,5,0,0,0,-3,1,-6,1
Bloque,476,Deltas,0,0,0,-1,-1,-1,-1,-1,-2,-1,0,0,0,1,-1,0,-1,-2,1,-1,-2,-1,-1,-3,-1,0,1,0,0,-5,1,-4,-2,2,-1,-1,0,0,0,0,-1,-4,1,-4,2,1,2,-1,-2,0,0,0,-2,-1,0,-1,-1,3,-1,-1,-1,-2,2,-2,-1,1,-1,0,1,-1,-3,0,-3,-1,1,1,-1,5,-2,-1,-1,-2,0,-3,1,-1,-2,1,6,1,-1,0,-2,0,-2,1,-1,-1,1,0,10,1,0,-1,0,-1,-2,0,1,-1,1,3,4,-5,1,1,-1,-2,-2,-3,-3
Bloque,477,Deltas,0,0,0,0,1,-1,-1,1,-3,-1,-1,0,0,0,0,-1,0,0,-1,2,-1,-2,1,2,0,-3,0,0,-1,-1,1,0,-2,-1,0,0,0,0,0,-1,-1,1,0,-1,-1,-2,0,3,0,0,0,0,1,0,-2,2,-1,-1,1,0,0,0,0,2,0,-2,1,1,-2,-1,2,1,1,1,-2,0,1,0,1,-2,0,-2,0,2,2,0,-2,-3,-1,0,-1,1,-2,-2,0,0,0,2,1,-3,0,-2,2,0,-1,-2,-3,-2,-3,-1,-1,-1,-1,-1,0,1,-2,-5,1,1,0
Bloque,478,Deltas,-4,-3,9,3,-1,-1,-3,-1,-1,-2,-1,-2,-4,-1,0,-2,-2,2,0,-1,-4,0,-1,0,-2,-3,1,0,-2,-1,1,0,0,-1,1,0,-3,-6,-2,1,1,-1,0,0,-2,2,-1,0,5,4,0,-3,-1,0,0,-3,-1,-1,2,2,-2,-1,2,1,0,0,2,0,0,-1,-3,-2,0,-1,-1,1,-1,-1,-1,-2,-3,-3,0,-4,0,-1,-1,1,-1,1,0,-1,-1,0,-1,-5,2,-1,1,2,-1,-1,-3,-4,1,-3,-2,0,1,-1,-1,-2,0,0,-3,0,-1,2,-1,-2,3
Bloque,479,Deltas,0,-1,-1,-1,1,3,0,1,-2,-1,-4,1,-1,-2,2,1,-1,2,-1,0,-3,-3,0,0,0,0,0,0,0,0,0,0,0,0,0,0,0,0,0,0,0,0,0,0,0,0,0,0,0,0,0,0,0,0,0,0,0,0,0,0,0,0,0,0,0,0,-1,1,1,0,-2,2,0,0,0,0,0,1,-2,2,3,0,0,0,0,0,0,0,1,-1,2,-5,-4,-1,0,0,0,0,0,-2,1,-2,-3,1,1,0,0,0,0,0,-3,1,2,-3,4,1,0,0,0,0,0
Bloque,480,Deltas,0,3,-2,-5,1,0,-3,0,0,0,0,1,-2,-2,-5,3,1,-5,0,0,0,0,0,0,0,2,1,0,-5,0,0,0,0,0,0,0,-1,-1,0,3,-2,-2,-3,-3,0,0,0,-1,6,-5,0,-2,-2,-3,-2,0,0,0,-3,5,1,-4,0,0,0,0,0,0,0,-1,0,2,-2,0,0,0,0,0,0,0,0,-1,1,-1,0,0,0,0,0,0,0,1,-2,0,0,0,0,0,0,0,0,0,1,-3,0,0,0,0,0,0,0,0,0,0,0,0,0,0,0,0,0
Bloque,481,Deltas,-10,-6,0,2,7,7,7,7,0,0,0,-4,0,6,8,1,1,1,2,0,0,0,10,11,18,21,-1,-1,-1,-1,0,0,0,-14,-10,-5,-2,0,0,0,0,0,0,0,-14,-47,-18,-14,0,0,0,0,0,0,0,3,-29,0,4,0,0,0,0,0,0,0,-8,-4,1,4,0,0,0,0,0,0,0,0,0,0,0,0,0,0,0,0,0,0,0,0,0,0,0,0,0,0,0,0,0,0,0,0,0,0,0,0,0,0,0,0,0,0,0,0,0,0,0,0,0,0,0
Bloque,482,Deltas,0,0,0,0,0,0,0,0,0,0,0,0,0,0,0,0,0,0,0,0,0,0,0,0,0,0,0,0,0,0,0,0,0,0,0,0,0,0,0,0,0,0,0,0,0,0,0,0,0,0,0,0,0,0,0,0,0,0,0,0,0,0,0,0,0,0,0,0,0,0,0,0,0,0,0,0,0,0,0,0,0,0,-21,11,-11,-6,-10,0,0,0,0,0,0,-1,-11,-18,-1,-7,-3,0,0,0,0,0,-11,4,-5,1,-7,-21,0,0,0,0,0,-11,4,0,-6,-11,-9
Bloque,483,Deltas,0,0,0,0,0,0,0,0,-1,-1,2,-1,-1,0,0,0,0,0,0,0,0,2,-1,-1,0,0,0,0,0,0,0,0,7,0,0,0,0,0,0,2,-4,-1,4,2,0,0,0,0,0,0,-3,1,-7,-7,-7,0,0,0,0,0,0,-18,2,19,4,-3,0,0,0,0,0,0,3,27,19,-6,8,4,4,3,-8,-33,-13,37,37,8,8,10,8,22,-10,-8,-23,16,49,3,11,10,10,7,11,10,12,-5,27,15,1,13,8,9,2,11,2,-12,3,7,2,2,7,6,6
Bloque,484,Deltas,0,11,1,-10,-1,4,-2,-1,0,4,6,5,13,-4,-6,4,3,0,7,-2,1,8,7,3,1,-3,7,8,11,3,-1,8,-3,-7,-7,2,31,27,22,13,3,14,16,16,0,-3,35,40,37,29,-1,15,20,18,19,8,26,41,37,29,11,17,22,19,20,21,26,32,28,28,13,13,21,19,14,20,16,14,20,15,12,6,6,7,8,9,10,14,10,11,11,10,9,7,6,6,9,10,7,9,8,7,7,7,7,6,4,5,7,12,5,7,6,7,7,9,11,5,12,18,9
Bloque,485,Deltas,3,1,-1,-3,2,0,-1,1,1,0,0,-4,-1,2,2,3,2,1,2,1,0,2,5,3,3,7,5,2,1,5,2,0,2,14,11,10,9,8,7,13,5,3,9,5,19,14,19,13,18,25,2,-13,8,26,20,18,18,16,18,17,-9,-38,-3,29,40,37,19,15,13,33,-16,-40,18,43,47,51,50,13,14,31,0,-42,43,53,51,47,55,72,14,11,7,-31,50,56,26,41,61,59,59,8,17,2,24,71,14,16,27,31,40,64,14,22,0,53,14,3,8,12,-13,3,83
Bloque,486,Deltas,1,1,0,-1,1,0,1,-1,0,0,1,3,0,0,-1,-1,-1,1,1,0,-1,0,1,-1,-1,-3,0,1,0,0,-1,-1,0,1,1,-1,-5,-1,1,-1,-3,-3,0,-2,8,1,3,2,0,0,-3,-2,-3,0,0,33,21,0,-3,3,2,-3,-1,-3,-1,0,67,61,17,-1,4,9,2,-1,-1,-1,0,91,83,65,35,7,1,3,1,-1,-1,0,83,92,90,75,35,8,1,-1,-1,0,0,98,97,95,83,63,40,12,-1,0,-2,0,114,99,91,67,64,57,32,3,-2,-3,0
Bloque,487,Deltas,0,0,0,0,0,0,0,0,0,0,0,0,0,0,0,0,0,0,0,0,0,0,0,0,0,0,0,0,0,0,0,0,0,0,0,0,0,0,0,0,0,0,0,0,0,0,0,0,0,0,0,0,0,0,0,0,0,0,0,0,0,0,0,0,0,0,0,0,0,0,0,0,0,0,0,0,0,0,0,0,0,0,0,0,0,0,0,0,0,0,0,0,0,0,0,0,0,0,0,0,0,0,0,0,0,0,0,0,0,0,0,0,0,0,0,0,0,0,0,0,0
Bloque,488,Deltas,0,0,0,0,0,0,0,-1,-1,-1,-1,0,-1,1,-3,0,0,-1,0,-1,-1,-1,0,2,0,0,0,0,-1,0,0,-1,0,0,0,0,0,-1,0,0,0,0,1,1,0,1,0,0,0,0,0,0,1,1,2,0,0,0,1,0,0,0,0,1,1,2,0,0,0,1,0,0,1,0,1,0,1,0,0,0,1,0,0,0,0,0,0,-1,0,0,0,0,1,1,2,1,0,-1,0,0,0,0,1,1,1,2,1,-1,0,-5,0,1,0,1,1,2,1,1,0,-1,-8
Bloque,489,Deltas,0,0,-1,-1,-1,-6,0,7,-1,0,0,2,0,-1,-3,-6,0,6,2,-1,1,0,0,0,-1,-3,-5,0,5,1,0,0,0,0,-2,0,-7,0,2,-3,0,0,0,0,-2,0,-2,-1,4,2,-1,2,0,0,0,1,1,-6,-1,6,-5,3,-2,0,0,0,0,-4,0,4,4,-1,0,-1,0,0,0,-1,-5,0,10,0,0,0,0,0,0,0,-4,0,6,6,-1,1,1,0,0,0,0,-2,0,8,0,1,0,0,1,0,0,0,0,5,5,-1,1,0,0,0,0,0,0
Bloque,490,Deltas,0,0,0,0,0,0,0,0,0,0,0,0,0,0,0,0,0,0,0,0,0,0,0,0,0,0,0,0,0,0,0,0,0,0,0,0,0,0,0,0,0,0,0,0,0,0,0,0,0,0,0,0,0,0,0,0,0,0,0,0,0,0,0,0,0,0,0,0,0,0,0,0,0,0,0,0,0,0,0,0,0,0,0,0,0,0,0,0,0,0,0,0,0,0,0,0,0,0,0,0,0,0,0,0,0,0,0,0,0,0,0,0,0,0,0,0,0,0,0,0,0
Bloque,491,Deltas,0,0,0,0,0,0,0,0,0,0,0,0,0,0,0,0,0,0,0,0,0,0,0,0,0,0,0,0,0,0,0,0,0,0,0,0,0,0,0,0,0,0,0,0,0,0,0,0,0,0,0,0,0,0,0,0,0,0,0,0,0,0,0,0,0,0,0,0,0,0,0,0,0,0,0,0,0,0,0,0,0,0,0,0,0,0,0,0,0,0,0,-1,0,0,0,0,0,0,0,0,0,0,0,-1,0,0,0,0,0,0,0,0,-2,0,-2,0,0,0,0,0,0
Bloque,492,Deltas,0,0,0,0,0,0,0,0,0,0,0,0,0,0,0,0,0,0,0,0,0,0,0,0,0,0,0,0,0,0,0,0,0,0,0,0,0,0,0,0,0,0,0,0,0,0,0,0,0,0,0,0,0,0,0,0,0,0,0,0,0,0,0,0,0,0,0,0,0,0,0,0,0,0,0,0,0,0,0,0,0,0,0,0,0,0,0,0,0,0,0,0,0,0,0,0,0,0,0,0,0,0,0,0,0,0,0,0,0,0,0,0,0,0,0,0,0,0,0,0,0
Bloque,493,Deltas,0,0,0,0,0,0,0,0,0,0,0,0,0,0,0,0,0,0,0,0,0,0,0,0,0,0,0,0,0,0,0,0,0,0,0,0,0,0,0,0,0,0,0,0,0,0,0,0,0,0,0,0,0,0,0,0,0,0,0,0,0,0,0,0,0,-1,0,0,0,0,0,0,0,0,0,0,0,0,0,0,0,0,0,0,0,0,0,0,0,0,0,0,0,0,0,0,0,0,0,0,0,0,0,0,0,0,0,0,0,0,0,0,0,0,0,0,0,0,0,0,0
Bloque,494,Deltas,-1,1,1,0,0,0,0,0,0,0,0,-1,1,1,0,0,0,0,0,0,0,0,-1,1,1,0,0,0,0,0,0,0,0,0,0,1,0,0,0,0,0,0,0,0,0,0,1,0,0,0,0,0,0,0,0,0,2,1,-1,-1,-1,0,1,0,0,1,-1,0,1,-1,-1,0,0,0,0,0,1,0,2,0,0,-1,0,0,-1,-9,0,-1,0,0,0,0,0,0,-1,-3,-6,-1,0,0,0,0,0,0,0,-1,-2,-5,0,1,0,0,0,0,0,0,0,-2,-5,0,2
Bloque,495,Deltas,0,0,0,0,0,0,1,-1,2,0,-7,0,0,0,0,-1,-1,2,-1,1,-1,-6,0,0,0,0,-1,-1,2,-2,3,-2,-6,0,0,0,0,-1,-1,1,0,5,-5,-3,0,0,0,0,-1,-1,1,0,4,-5,-5,0,1,0,1,0,0,1,0,3,-6,-5,0,0,-1,1,0,0,0,0,5,-5,-5,1,0,3,-1,-2,3,0,0,4,-8,-3,1,-1,-1,-2,-5,2,0,1,2,-8,-1,1,-1,1,1,-2,2,0,3,3,-7,0,2,-2,0,0,-4,2,0,2,5,-7,0
Bloque,496,Deltas,2,-1,2,1,-1,2,-1,0,-3,-2,5,1,-1,2,1,-1,1,-1,0,-4,-1,4,1,-1,2,1,-1,1,-1,0,-4,-3,5,1,-3,3,4,-2,-1,-1,0,-7,-4,6,1,-3,4,2,-2,0,-1,0,-5,-2,4,1,-1,5,3,-1,0,0,1,-4,-1,4,1,-1,5,2,-1,0,0,1,-2,-1,3,0,-4,3,1,-1,-1,0,1,-3,-5,6,2,-4,5,0,-1,-1,0,2,-3,-4,6,3,-2,4,0,0,0,0,2,-3,-5,5,2,0,3,0,0,0,0,2,-4,-5,6
Bloque,497,Deltas,0,-1,-2,-2,-1,5,-4,-4,0,0,0,0,-1,-2,-2,1,8,-1,0,0,0,0,0,-1,-3,-3,-3,5,-2,0,0,0,0,0,-1,-2,-3,-2,2,0,0,0,0,0,0,-1,-3,-2,-1,2,0,0,0,0,0,0,-1,-2,-2,-1,2,0,-1,0,0,0,0,-1,-1,-2,0,3,0,-2,0,0,0,1,0,-1,-1,-1,3,2,0,0,0,0,1,0,-1,-1,0,2,3,0,0,0,0,1,0,-1,-1,0,2,3,0,0,0,0,1,0,0,-2,0,2,2,0,0,0,0
Bloque,498,Deltas,0,0,0,0,0,0,0,0,0,0,0,0,0,0,0,0,0,0,0,0,0,0,0,0,0,0,0,0,0,0,0,0,0,0,0,0,0,0,0,0,0,0,0,0,0,0,0,0,0,0,0,0,0,0,0,0,0,0,0,0,0,0,0,0,0,0,0,0,0,0,0,0,0,0,0,0,0,0,0,0,0,0,0,-1,0,0,0,0,0,0,0,0,0,0,0,0,0,0,2,0,0,0,0,0,0,0,0,0,0,1,0,0,0,0,0,0,0,0,0,0,-1
Bloque,499,Deltas,0,0,0,0,0,0,0,0,0,0,0,0,0,0,0,0,0,0,0,0,0,0,0,0,0,0,0,0,0,0,0,0,0,0,0,0,0,0,0,0,0,0,0,0,0,0,0,0,0,0,0,0,0,0,0,0,0,0,0,0,0,0,0,0,0,0,0,0,0,0,0,0,0,0,0,0,0,1,0,-1,0,0,0,0,0,0,0,0,3,0,-1,-1,0,-1,0,0,0,0,0,0,-1,-1,0,0,0,0,0,0,0,0,2,1,-2,-1,-1,0,0,0,0,0,0
Bloque,500,Deltas,0,0,0,0,0,0,0,0,0,0,0,0,0,0,0,0,0,0,0,0,0,0,0,0,0,0,0,0,0,0,0,0,0,0,0,0,0,0,0,0,0,0,0,0,0,0,0,0,0,0,0,0,0,0,0,0,0,0,0,0,0,0,0,0,0,0,0,0,0,0,0,0,0,0,0,0,0,0,0,0,0,0,0,0,0,0,0,0,0,0,0,0,0,0,0,0,0,0,0,0,0,0,0,0,0,0,0,0,0,0,0,0,0,0,0,0,0,0,0,0,0
Bloque,501,Deltas,0,0,0,0,0,0,0,0,0,0,0,0,0,0,0,0,0,0,0,0,0,0,0,0,0,0,0,0,0,0,0,0,0,0,0,0,0,0,0,0,0,0,0,0,0,0,0,0,0,0,0,0,0,0,0,0,0,0,0,0,0,0,0,0,0,0,0,0,0,0,0,0,0,0,0,0,0,1,0,0,0,0,0,0,0,0,0,0,0,0,0,0,0,0,0,0,0,0,0,0,-1,-1,0,0,0,0,0,0,0,0,0,-1,-2,0,0,0,0,0,0,0,0
Bloque,502,Deltas,0,0,0,0,0,0,0,0,0,0,0,0,0,0,0,0,0,0,0,0,0,0,0,0,0,0,0,0,0,0,0,0,0,0,0,0,0,0,0,0,0,0,0,0,0,0,0,0,0,0,0,0,0,0,0,0,0,0,0,0,0,0,0,0,0,0,0,0,0,0,0,0,0,0,0,0,0,0,0,0,0,0,0,0,0,0,0,0,0,0,0,0,0,0,0,0,0,0,0,0,0,0,0,0,0,0,0,0,0,0,0,0,0,0,0,0,0,0,0,0,0
Bloque,503,Deltas,0,0,0,0,0,0,1,0,1,0,0,0,0,0,0,0,0,1,0,1,0,0,0,0,0,0,0,0,0,0,1,1,0,0,0,0,0,0,0,0,0,1,0,1,0,0,0,0,0,0,0,0,0,0,1,0,0,0,0,0,-1,0,0,0,0,0,0,0,0,0,0,-1,1,0,0,0,0,0,0,0,0,0,0,0,0,0,0,0,0,0,0,0,0,0,0,0,0,0,0,0,0,0,0,0,0,0,0,0,0,0,0,0,0,0,0,0,0,0,0,0,0
Bloque,504,Deltas,0,0,-1,0,0,0,0,0,0,0,0,0,0,0,0,0,0,0,0,0,0,0,0,0,0,0,0,0,0,0,0,0,0,0,0,0,0,0,0,0,0,0,0,0,0,1,0,0,0,0,0,0,0,0,0,1,0,0,0,0,0,0,0,0,0,0,0,0,0,0,0,0,0,0,0,0,0,0,0,0,0,0,0,0,0,0,0,0,0,0,0,0,0,0,0,0,0,0,0,0,0,0,0,0,0,0,0,0,0,0,0,0,0,0,0,0,0,0,0,0,0
Bloque,505,Deltas,0,0,0,0,0,0,0,0,-1,-1,-1,0,0,0,0,0,0,0,0,1,-1,3,0,0,0,0,0,0,0,0,0,-2,0,0,0,0,0,0,0,0,0,0,0,0,0,0,0,0,0,0,0,0,0,0,0,0,0,0,0,0,0,0,0,0,0,0,0,0,0,0,0,0,0,0,0,0,0,0,0,0,0,0,0,0,0,0,0,0,0,0,0,0,0,0,0,0,0,0,0,0,0,0,0,0,0,0,0,0,0,0,0,0,0,0,0,0,0,0,-1,0,0
Bloque,506,Deltas,3,0,0,-1,-2,1,3,-1,-1,0,1,-4,1,1,0,-2,1,4,0,-3,0,0,2,1,2,0,0,-3,2,0,-1,-3,3,0,0,0,1,1,-1,0,-1,-1,-1,-1,0,1,1,0,-2,-2,0,-3,1,0,-1,0,-2,-1,0,0,-1,0,-3,1,1,1,0,-1,-1,-1,-2,-1,0,-2,-1,2,1,0,0,0,2,0,0,0,0,-3,-4,-1,-2,1,-1,-2,0,-2,-1,0,0,-2,0,-1,-2,2,1,-1,0,0,1,0,0,-2,-1,-1,-2,-1,0,1,0,0,0,0,-1
Bloque,507,Deltas,1,0,0,0,0,-1,0,-9,-1,3,2,-3,0,2,0,1,0,-2,0,-6,-1,7,1,1,3,2,0,0,-1,2,-5,-6,2,-1,-1,-2,2,0,-1,-3,1,1,1,-1,-1,-1,-1,-1,-2,-2,-1,3,-1,1,0,0,0,-2,0,0,0,-2,1,-2,-1,0,0,0,2,1,0,1,-2,3,-3,-3,1,0,0,-4,-2,1,-2,-2,1,1,-4,0,0,0,-1,0,1,-1,-2,1,0,-3,0,0,0,0,-1,0,0,-3,1,1,-4,0,0,1,0,0,-1,-1,-3,1,2,-5,0
Bloque,508,Deltas,-9,-2,12,1,0,4,-4,-2,-2,-3,-2,-6,-5,2,6,-2,-4,2,-3,-3,-2,-2,-1,-4,2,-3,-1,-2,1,-2,-3,-2,-2,1,-5,1,-1,-1,0,-1,0,-1,-2,-2,1,-2,2,1,1,3,0,-1,-1,-2,-2,1,-2,3,1,0,0,1,-1,-2,-1,-1,1,-3,-1,1,1,-1,0,-1,-1,-1,0,0,0,0,0,-1,1,0,1,0,-1,0,-1,0,0,0,0,0,0,-1,-1,0,0,0,-1,0,-1,0,0,0,-2,0,0,0,0,0,0,0,-1,0,-1,0,0,0,-1
Bloque,509,Deltas,-1,-1,-1,-1,0,2,-1,-5,2,1,0,-1,-1,-1,-1,0,2,-1,-5,4,0,-1,-1,-1,-1,-1,0,2,-1,-5,4,-2,-2,-2,1,-2,-1,1,1,-2,-6,1,-3,0,-2,0,-2,-1,1,1,-2,-6,3,-1,-1,-3,0,-2,0,2,1,-3,-6,3,-1,-1,-2,-1,-1,0,1,1,-2,-6,3,0,-2,0,0,1,1,1,0,-2,-6,3,-1,0,0,0,1,1,0,0,-2,-6,3,-2,0,0,0,0,0,0,0,-2,-6,3,-1,0,0,0,0,0,0,0,-2,-6,3,-2,0
Bloque,510,Deltas,0,-3,0,-1,-3,0,-1,1,-1,-1,3,1,-3,1,-2,-1,0,-1,1,-1,-1,2,1,-4,2,-2,-1,0,-1,1,-1,-1,2,4,-3,5,0,-2,1,-5,2,0,0,2,4,-3,3,-1,-1,4,-5,1,-3,2,1,2,-4,3,-2,-2,3,-5,1,-2,0,3,1,-6,2,-2,-3,1,-5,3,0,1,1,3,-4,2,0,-2,5,-5,6,0,-3,2,2,-4,3,0,-2,4,-5,4,0,-3,2,2,-3,2,0,-2,3,-6,3,-1,-4,2,2,-4,3,0,-2,3,-6,3,-2,-4,2
Bloque,511,Deltas,-3,2,1,-3,4,1,0,0,0,0,0,-2,1,1,-3,4,2,0,0,0,0,0,-2,1,1,-2,4,1,0,0,0,0,0,-3,3,-3,0,2,2,0,0,0,0,0,-1,2,-3,-1,7,1,0,0,0,0,0,-3,4,4,-2,1,0,0,0,0,0,0,-2,2,1,0,0,1,0,0,0,0,0,-3,2,-1,1,2,2,-1,0,0,-1,0,-4,3,3,-2,1,2,-1,0,0,-1,0,-4,2,0,4,0,0,-1,0,0,-1,0,-3,3,3,0,0,0,-1,0,0,-1,0
Bloque,512,Deltas,0,0,0,0,0,0,0,0,0,0,0,0,0,0,0,0,0,0,0,0,0,0,0,0,0,0,0,0,0,0,0,0,0,0,0,0,0,0,0,0,0,0,0,0,0,0,0,0,0,0,0,0,0,0,0,0,0,0,0,0,0,0,0,0,0,0,0,0,0,0,0,0,0,0,0,0,0,0,0,0,0,0,0,0,0,0,0,0,0,0,0,0,0,0,0,0,0,0,0,0,0,0,0,0,0,0,0,0,0,0,0,0,0,0,0,0,0,0,0,0,0
Bloque,513,Deltas,0,0,0,0,0,0,0,0,0,0,0,0,0,0,0,0,0,0,0,0,0,0,0,0,0,0,0,0,0,0,0,0,0,0,0,0,0,0,0,0,0,0,0,0,0,0,0,0,0,0,0,0,0,0,0,0,0,0,0,0,0,0,0,0,0,0,0,0,0,0,0,0,0,0,0,0,0,0,0,0,0,0,0,0,0,0,0,0,0,0,0,0,0,0,0,0,0,0,0,0,0,0,0,0,0,0,0,0,0,0,0,0,0,0,0,0,0,0,0,0,0
Bloque,514,Deltas,0,0,0,0,0,4,-7,2,-6,-18,-15,0,0,0,0,0,-7,-9,3,3,-20,-1,0,0,0,0,0,1,0,-3,-7,3,15,0,0,0,0,0,3,5,5,-6,9,13,0,0,0,1,1,-2,7,5,2,11,-8,0,0,0,1,1,-1,1,6,0,-7,3,0,0,0,0,0,-7,7,9,-3,9,20,0,0,0,0,0,9,10,9,13,25,22,0,-3,3,-8,-7,7,9,4,11,21,18,2,8,-7,-33,1,19,21,6,6,15,15,0,1,-45,-20,10,20,13,3,8,10,9
Bloque,515,Deltas,0,16,-8,-9,7,8,8,7,6,5,4,10,12,-1,9,14,0,8,5,3,3,3,23,-12,13,16,16,1,7,7,6,5,6,-10,6,9,1,8,12,8,8,8,8,10,3,16,5,8,7,6,9,10,11,10,10,13,6,8,15,14,14,14,15,15,15,16,12,10,13,18,20,18,16,15,14,12,15,15,21,26,22,16,13,13,11,12,12,10,15,19,23,19,16,13,10,9,7,8,11,13,13,14,17,16,14,12,9,10,9,9,11,13,15,17,17,13,13,13,14,13,10
Bloque,516,Deltas,5,6,8,10,9,8,10,10,13,5,7,4,7,7,8,9,8,10,10,-1,3,41,5,6,7,9,10,9,11,8,-3,35,15,9,9,9,12,12,7,10,6,33,52,-64,10,10,10,7,3,4,2,7,55,-39,-43,16,15,11,11,13,14,4,54,10,-78,23,14,12,13,7,14,3,23,59,-78,-8,15,11,14,10,7,9,-9,78,-40,-66,17,3,7,11,9,9,1,60,43,-115,-30,8,-5,7,6,10,8,17,113,-65,-112,-20,9,6,11,16,14,6,90,61,-135,-90,-2,13,8
Bloque,517,Deltas,33,-10,-12,23,0,11,7,-6,-28,-11,51,-5,-41,18,-3,7,0,1,-6,-28,1,29,-52,12,12,0,0,1,6,-11,-25,16,20,-20,27,5,6,-11,2,11,-30,-11,19,22,22,3,7,-4,-2,10,-5,-26,7,7,28,6,6,1,2,-1,4,-23,-9,11,1,42,3,3,-5,3,-5,-8,-16,6,6,9,72,6,8,0,-3,-14,-12,-8,1,13,29,70,10,7,-2,-27,-9,1,-5,14,4,55,18,11,9,-9,-35,-12,-1,4,16,14,52,-36,0,1,-27,-29,-21,-10,5,-12,53,3,-39
Bloque,518,Deltas,92,107,92,50,62,55,60,23,-5,0,0,49,88,70,45,59,63,75,35,-2,0,0,34,49,23,41,60,68,81,51,5,0,0,51,24,-3,22,60,72,79,55,11,0,0,62,-6,-9,-4,51,86,80,56,15,0,0,53,-27,-8,-10,41,93,85,54,20,0,0,15,-19,7,-21,36,85,70,55,27,0,0,-16,7,2,-11,29,84,77,66,29,0,0,-18,15,-15,-4,20,76,68,66,31,0,0,8,4,-12,16,26,85,61,58,40,0,0,7,-14,19,29,22,79,75,66,30,0,0
Bloque,519,Deltas,0,0,0,0,0,0,0,0,0,0,0,0,0,0,0,0,0,0,0,0,0,0,0,0,0,0,0,0,0,0,0,0,0,0,0,0,0,0,0,0,0,0,0,0,0,0,0,0,0,0,0,0,0,0,0,0,0,0,0,0,0,0,0,0,0,0,0,0,0,0,0,0,0,0,0,0,0,0,0,0,0,0,0,0,0,0,0,0,0,0,0,0,0,0,0,0,0,0,0,0,0,0,0,0,0,0,0,0,0,0,0,0,0,0,0,0,0,0,0,0,0
Bloque,520,Deltas,0,1,1,0,-1,2,1,0,1,-1,-1,0,1,0,1,0,0,0,0,1,-2,2,0,0,0,0,0,0,0,-1,3,3,-1,0,0,0,2,-1,0,0,0,1,1,4,0,0,0,0,0,0,0,1,1,1,2,0,0,-1,0,-2,-1,0,0,1,2,2,0,0,0,0,0,-1,0,0,2,2,-1,0,0,0,0,0,0,0,0,4,0,0,0,0,0,0,0,1,1,1,0,-1,0,0,0,0,0,0,1,1,2,-3,0,0,0,0,1,0,0,1,3,0,-1,0,0
Bloque,521,Deltas,1,6,-2,0,0,0,0,0,0,0,0,3,0,-2,2,0,0,0,0,0,0,0,2,-1,0,1,0,0,0,0,0,0,0,4,2,0,1,0,0,0,0,0,0,0,0,1,1,1,0,0,0,0,0,0,0,1,1,1,0,0,0,0,0,0,0,0,1,1,1,0,0,0,0,0,0,0,0,1,1,1,1,0,1,0,0,0,0,0,1,1,1,2,1,0,1,0,0,0,0,1,1,2,1,1,1,1,0,0,0,0,1,1,2,1,1,1,1,1,0,0,0
Bloque,522,Deltas,0,0,0,0,0,0,0,0,0,0,0,0,0,0,0,0,0,0,0,0,0,0,0,0,0,0,0,0,0,0,0,0,0,0,0,0,0,0,0,0,0,0,0,-1,0,0,0,0,0,0,0,0,0,0,0,0,0,0,0,0,0,0,0,0,0,0,0,0,0,0,0,0,0,0,0,0,0,0,0,0,0,0,0,0,0,0,0,0,0,0,0,0,0,0,0,0,0,0,0,0,0,0,0,0,0,0,0,0,0,0,0,0,0,0,0,0,0,0,0,0,0
Bloque,523,Deltas,0,0,-2,0,0,0,0,0,0,0,0,0,0,-2,0,0,0,0,0,0,0,0,0,0,0,0,0,0,0,0,0,0,0,0,0,0,0,0,0,0,0,0,0,0,0,-2,0,0,0,0,0,0,0,0,0,-1,0,0,0,0,0,2,0,0,0,0,-1,0,0,0,0,0,0,0,0,0,0,0,0,0,0,0,0,1,0,0,0,0,0,0,0,0,0,0,0,0,0,0,0,0,0,0,0,0,0,0,0,0,0,0,0,0,0,0,0,0,0,0,0,0,0
Bloque,524,Deltas,0,0,0,0,0,0,0,0,0,0,0,0,0,0,0,0,0,0,0,0,0,0,0,0,0,0,0,0,0,0,0,0,0,0,0,0,0,0,0,0,0,0,0,0,0,0,0,0,0,0,0,0,0,0,0,0,0,0,0,0,0,0,0,0,0,0,0,0,0,0,0,0,0,0,0,0,0,0,0,0,0,0,0,0,0,0,0,0,0,0,0,0,0,0,0,0,0,0,0,0,0,0,0,0,0,0,0,0,0,0,0,0,0,0,0,0,0,0,0,0,0
Bloque,525,Deltas,0,0,0,0,0,0,0,0,0,0,0,0,0,0,0,0,0,0,0,0,0,0,0,0,0,0,0,0,0,0,0,0,0,0,0,0,0,0,0,0,0,0,0,0,0,0,0,0,0,0,0,0,0,0,0,0,0,0,0,0,0,0,0,0,0,0,0,0,0,0,0,0,0,0,0,0,0,0,0,0,0,0,0,0,0,0,0,0,0,0,0,0,0,0,0,0,0,0,0,0,0,0,0,0,0,0,0,0,0,0,0,0,0,0,0,0,0,0,0,0,0
Bloque,526,Deltas,0,0,0,0,0,-1,0,-2,-1,1,1,0,0,0,-1,0,-1,2,-4,-2,1,2,0,0,0,0,0,-1,3,-4,-2,2,5,0,0,0,0,0,0,1,-5,-1,1,4,0,0,0,0,0,0,1,-5,0,1,1,0,0,0,0,0,-1,-1,-4,3,1,1,0,0,0,0,0,1,-3,-4,-1,2,0,0,0,0,0,0,2,-3,-1,1,1,0,0,0,0,0,0,0,-6,4,0,3,1,0,0,0,-1,-1,1,-5,0,-3,5,2,0,0,0,0,0,1,-7,0,-1,5,2
Bloque,527,Deltas,0,-1,-2,1,-5,4,-2,2,0,-7,2,-1,0,-1,0,-1,6,-4,5,-2,-9,0,-1,1,-1,-2,0,6,-1,5,-2,-7,-2,-1,1,0,-3,-3,0,0,5,-3,-6,0,0,-1,0,-2,2,0,-2,0,-2,-6,1,-1,0,0,-2,1,0,0,5,-3,-7,1,-1,0,0,-2,1,-1,-1,5,-4,-3,2,0,0,0,-2,3,-3,1,5,-7,-2,0,1,0,1,0,3,-2,5,7,-6,-1,1,0,0,2,0,0,-1,2,3,-10,-2,1,1,0,-2,-2,4,-1,2,2,-9,-2,2
Bloque,528,Deltas,1,-2,1,0,0,0,0,1,-6,-4,4,0,0,5,0,0,0,0,0,-5,-4,4,-1,0,5,0,0,0,0,-1,-3,-2,1,-1,0,1,0,0,-2,-1,-1,-3,-1,2,-2,-1,0,0,0,0,0,1,-4,-3,1,-1,-2,0,0,0,0,0,2,-4,-3,1,0,0,1,0,0,0,0,1,-3,-3,1,-1,2,3,0,0,0,0,1,-4,-3,1,0,1,1,0,0,0,0,0,-4,-1,-2,-1,2,3,0,0,0,0,0,-3,-1,-1,-1,0,2,0,0,0,0,0,-3,-1,-1
Bloque,529,Deltas,2,-1,0,-2,0,2,3,0,0,0,0,2,-1,0,-3,0,2,2,0,0,0,0,2,-1,0,-2,0,3,2,0,0,0,0,2,-2,0,-2,0,1,3,0,0,0,0,1,-2,0,-4,0,0,4,0,0,-1,0,1,-2,0,-7,-1,0,4,0,0,-1,0,1,-2,1,-5,-1,1,5,0,0,0,0,3,-2,1,-4,-2,2,7,0,0,0,0,3,1,1,-7,-2,-2,4,-3,-1,0,0,5,0,1,-5,-2,-1,5,-2,0,0,0,5,-1,-1,-3,-3,0,3,-2,-1,-1,-1
Bloque,530,Deltas,0,0,0,0,0,0,0,0,0,0,-2,0,0,0,0,0,0,0,0,0,0,0,0,0,0,0,0,0,0,0,0,-2,0,0,0,0,0,0,0,0,0,0,2,0,0,-1,0,0,0,0,0,0,0,0,0,0,0,-1,-1,0,0,0,0,0,0,0,0,0,0,0,0,0,0,0,0,0,0,0,-1,0,0,0,0,0,0,0,0,0,-1,0,0,0,0,0,0,0,0,0,0,-1,0,0,0,0,0,0,0,0,0,0,0,-1,0,0,0,0,0,0,0,0,0
Bloque,531,Deltas,0,0,-1,-1,0,0,0,0,0,0,0,0,1,-2,-3,0,0,0,0,0,0,0,0,0,-2,-2,0,0,0,0,0,0,0,0,2,1,-1,0,0,0,0,0,0,0,0,0,0,-2,0,0,0,0,0,0,0,0,0,0,-2,0,1,0,0,0,0,0,0,0,0,-2,0,1,0,0,0,0,0,0,0,0,-3,1,1,0,0,0,0,0,0,0,0,0,-1,0,0,0,0,0,0,0,0,0,0,0,0,0,0,0,0,0,0,0,0,0,0,0,0,0,0,0,0
Bloque,532,Deltas,0,0,0,0,0,0,0,0,0,0,0,0,0,0,0,0,0,0,0,0,0,0,0,0,0,0,0,0,0,0,0,0,0,0,0,0,0,0,0,0,0,0,0,0,0,0,0,0,0,0,0,0,0,0,0,0,0,0,0,0,0,0,0,0,0,0,0,0,0,0,0,0,0,0,0,0,0,0,0,0,0,0,0,0,0,0,0,0,0,0,0,0,0,0,0,0,0,0,0,0,0,0,0,0,0,0,0,0,0,0,0,0,0,0,0,0,0,0,0,0,0
Bloque,533,Deltas,0,0,-1,0,0,0,0,0,0,0,0,0,1,-1,0,0,0,0,0,0,0,0,0,1,-1,0,0,0,0,0,0,0,0,0,0,0,-2,0,0,0,0,0,0,0,0,-1,1,-2,0,0,0,0,0,0,0,-2,0,0,-2,0,0,0,0,0,0,0,0,-1,0,2,0,0,0,0,0,0,0,0,0,1,1,0,0,0,0,0,0,0,0,0,0,0,0,0,0,0,0,0,0,0,0,0,1,0,0,0,0,0,0,0,0,0,0,0,0,0,0,0,0,0,0
Bloque,534,Deltas,0,0,0,0,0,0,0,0,0,0,0,0,0,0,0,0,0,0,0,0,0,0,0,0,0,0,0,0,0,0,0,0,0,0,0,0,0,0,0,0,0,0,0,0,0,0,0,0,0,0,0,0,0,0,0,0,0,0,0,0,0,0,0,0,0,0,0,0,0,0,0,0,0,0,0,0,0,0,0,0,0,0,0,0,0,0,0,0,0,0,0,0,0,0,0,0,0,0,0,0,0,0,0,0,0,0,0,0,0,0,0,0,0,0,0,0,0,0,0,0,0
Bloque,535,Deltas,0,0,0,0,0,0,0,0,0,0,0,0,0,0,0,0,0,0,0,0,0,0,0,0,0,0,0,0,0,0,0,0,0,0,0,0,0,0,0,0,0,0,0,0,0,0,0,0,0,0,0,0,0,0,0,0,0,0,0,0,0,0,0,0,0,0,0,0,0,0,0,0,0,0,0,0,0,0,0,0,0,0,0,0,0,0,0,0,0,0,0,0,0,0,0,0,0,0,0,0,0,0,0,0,0,0,0,0,0,0,0,0,0,0,0,0,0,0,0,0,0
Bloque,536,Deltas,0,0,0,0,0,0,0,0,0,0,0,0,0,0,0,0,0,0,0,0,0,0,0,0,0,0,0,0,0,0,0,0,0,0,0,0,0,0,0,0,0,0,0,0,0,0,0,0,0,0,0,0,0,0,0,0,0,0,0,0,0,0,0,0,0,0,0,0,0,0,0,0,0,0,0,0,0,0,0,0,0,0,0,0,0,0,0,0,0,0,0,0,0,0,0,0,0,0,0,0,0,0,0,0,0,0,0,0,0,0,0,0,0,0,0,0,0,0,0,0,0
Bloque,537,Deltas,0,0,0,0,0,0,0,0,-1,-1,-2,0,0,0,0,0,0,0,0,1,-1,0,0,0,0,0,0,0,0,0,1,-1,-2,0,0,0,0,0,0,0,0,0,-1,-1,0,0,0,0,0,0,0,0,0,0,0,0,0,0,0,0,0,0,0,0,0,-1,0,0,0,0,0,0,0,0,1,1,1,0,0,0,0,0,0,0,0,1,1,1,0,0,0,0,0,0,0,0,0,0,1,0,0,0,0,0,0,0,0,0,0,2,0,0,0,0,0,0,0,0,-2,0,0
Bloque,538,Deltas,1,3,-2,-5,-2,-1,0,-1,0,0,0,1,-3,1,0,-1,-2,-1,0,0,0,0,0,-2,0,1,-1,-2,-2,1,3,0,0,0,2,-2,0,1,-1,-1,0,1,0,-1,-1,0,-2,-1,-2,0,0,-1,-2,0,0,-1,0,-1,0,-1,1,1,0,0,0,0,0,1,0,-1,-2,-1,0,0,0,0,0,2,0,-1,0,-1,-1,-1,-1,-2,0,0,0,0,0,0,0,-1,0,1,0,1,1,0,0,0,0,-1,0,0,0,0,-1,1,0,0,1,2,1,2,2,0,0,-2,0
Bloque,539,Deltas,-1,-1,1,-1,3,-1,-1,0,0,-2,0,-1,-1,1,0,1,1,2,0,-1,-1,0,0,-1,0,2,-1,0,1,0,0,-2,0,0,0,-2,0,0,1,1,1,0,-2,0,0,0,0,-2,1,3,0,0,0,0,0,0,0,0,-1,-2,1,0,0,0,0,0,-1,0,-2,0,-1,-1,0,0,0,0,0,0,0,2,3,0,-3,0,1,1,0,0,0,-1,0,-2,1,-1,1,0,-2,0,-3,1,-1,-2,-1,1,-1,-1,0,1,1,-1,1,1,1,0,2,0,0,-1,1,3,1
Bloque,540,Deltas,0,0,0,-1,0,0,0,0,1,0,0,0,0,0,0,0,0,0,0,0,0,0,0,0,0,-1,0,0,0,-2,-1,-2,0,0,0,0,0,-1,-2,1,-1,-1,-2,0,-1,-1,-1,-1,-1,0,1,1,0,-1,-4,0,1,1,-1,1,1,0,0,0,0,-2,-1,-2,-1,0,1,2,-1,0,-1,1,-1,0,2,1,1,0,-1,-1,0,0,0,0,-1,-1,-2,1,1,0,-2,-1,1,-1,-2,-1,0,0,0,1,0,-2,0,3,1,-2,0,0,1,1,0,-1,-1,-3,0,1,0
Bloque,541,Deltas,0,0,0,1,0,0,-2,-4,3,-4,-2,-1,-2,-1,0,0,0,-2,-4,3,-3,-1,-1,-2,0,-2,0,0,-2,-4,4,-3,-1,0,0,2,0,0,0,-2,-4,3,-3,-1,1,2,0,2,-1,-4,3,0,6,-1,2,-1,1,0,0,2,-2,-4,0,1,-3,-3,-1,-1,1,0,1,-2,-3,0,2,-2,0,-1,-1,0,0,0,0,0,-2,0,-3,2,0,-1,-3,0,1,-1,-1,2,0,2,1,1,0,-1,-1,1,1,-2,-2,0,-1,0,0,1,-1,-1,0,1,0,-1,0,1,-1
Bloque,542,Deltas,2,-4,2,-3,-1,3,-5,4,-1,-1,1,2,-3,2,-3,-1,1,-3,6,-3,-2,1,3,-4,2,-3,-1,1,-3,5,-4,2,1,4,-4,3,-2,-1,3,-5,4,-2,1,3,2,0,0,-2,-1,2,-1,-1,1,0,0,2,-1,-1,0,1,0,-1,-1,0,0,0,0,1,0,-1,-2,-1,0,0,-1,0,0,-2,-1,-1,0,0,-1,2,1,-1,0,0,1,1,-1,-3,-1,0,0,0,0,0,0,0,-4,-1,0,-1,0,0,0,0,0,0,1,-3,-1,0,-1,0,0,0,0,0,0
Bloque,543,Deltas,-4,5,0,-2,-1,3,-1,-1,0,1,1,-6,5,-2,-1,0,1,-2,1,-2,2,-1,-6,3,-2,0,1,0,-1,3,-2,0,-1,-6,2,-2,0,1,0,1,0,-1,-1,0,0,0,0,0,0,0,0,0,1,-1,-1,0,0,0,0,0,0,0,0,-2,1,0,0,0,0,0,0,0,0,0,-2,1,0,0,0,0,0,0,-1,0,0,1,-1,-3,0,0,0,0,0,0,0,0,0,0,0,0,0,0,0,0,0,0,0,0,0,-1,0,0,0,0,0,0,0,0,0,0,0
